10011101011011 . 993

‚mmmm mmmmmmmzm'
1 nunquan [110011 11001011 Ε, 1. 318 11. 1131 11. 102
1111010310 1. 70 101011 1111010 00010·
1010 00011Ιὶ1113. 2. 80 gibus 1000101 gentem 7. 203
0110111011. 173 1100101001 1010111101 0. 108
1111110, 010. 10. 223 11000111010017. 310
[010113111111111111 G· 1. 313 1100101301 G. 2. 110
11 0011111 1111001011 10. 0. :ms vineti 10110111 tempora 11. 12. 120
1811100101101 vincturaque 11100110 11011101 G. 2. 01
0001110111 AE. 0. 138 1010011000 1101111 ,10. 1. 2110
0011111111·ος 10. 220 1111010110. 10 21078 G. 1. 300
11. 073 01. 1. 102 2. 131 230 100 0. 010
,amam mammmmm
001012. 2110001111011 2. 333 1101101011 (12.0 00 022
102 0101111 0. 221 vindica. 111101. 1111111 01111110 11. 1. 220
001110. 100 111101 Ε. 1. 10 G. 2. 300 103
011038110111100110010. 18 1111011 2. 200 337
118 Ε. 0. 730 11110111 2. 310
011 1101101 Ε. 10. 30 G. 2. 117
11. 237 11110 10. 2. 200 3. 030 0. 227 0. 103
0100111. 2. 227 100 230 310
111010 AE. 11. 372 11010111 [ost {trgum 011101 11. 01
011. 1. 271 11011 01011111. 3. 38
Ε. 7. 12 1101001111, 1100 1101111110 0110012101
ex G· 1. 103 110110 E. 10. 30 G. 1. 270 01. 11. 00
1. 03 1101110 01110 8. 111
380100 1. 377 AE. 1700 11011111010010 12. 707
eti· 11001011, Caci, 0. 200 11011111 G. 1. 32
1000110. 177 11011111 1010010 eorpus Ε. 11. 3111
1011 AE. 1. 730. 131 0. 100 110111 0111011101 11. 2. 17
03 11. 730 12. 100 700 11 11011001 0110010001 1111110110 2. 180
1 2. 132 affore„ 101110 010· 110111011101111 01110 12. 07
0. 017 1101111 1011010110111111 11. 277 ‚
· 123 Ae. 3. 31 10111101010101 10110 11. 233 ·
2. 210 111 110111111011010001101 11. 010
111 3. 100. 1. 31110. 0. 137 1101001 u· 0111011 27
violentaque 1100011Το101 10. 131
0111010. 1. 03 1101110111 111 vineat 11. 331 Turni 11.
1. 2. 72 G. 2. 110 37312. 10 8111011301ηο 12. 0
71 G. 1. 132 2. 073 301 30. 1101001101 Eum G. 2. 107 11111111. 273
2811000. 08 238 218 770 1101001011101011011111001. 0. 300
,131 1170. 2711 0. 310300 vipera G. 1. 117 013
11100011111111 10. 13 1111010110 1011110 10. 7. 331
nbi-e 10111 0. 02 vipereo generi 7. m
1 hortea 1110101100. 2. 018 vipereum 0111010 0. 281
0. 1010118 10. 13 1111 1113. 701 10. 301 108 731 11. 120
(1.2 123 11111101 3. 280 032 1011111110 apere: 7.7
11100ωῶ. 300 111ῃο 11011110. 12100
me 0111110111οι Ε. 1. 00 nee 0110101 7. 702 777
1011011101010111111. virebit 1101011). ’1. 30 ·
vitem 1111111111 11111111 G· 3110
, pedon 12. 027- 11101111 wius 1. 301 ’
10110 10111 1. 311 111011100111111 10. 0. 070
111 1011111 E. 10. 00 01101 11101111 110100 dagno 0. 1. 18
. 1. 1111 111010 0011110110 10. 0. 200
cim 10. 3. 100 111110. 1. 80 2. 280 127 3. 200 213
1. 112 11. 2. 117 0. 300 7. 220 200 10. 1. 2100002. 170 017
1111081111 11 00 0301. 17001. 0. 101300 110 110

 

