' 100100100001 013

100 01. 3. 100 1111111111 iouis 1. 710 fluibus G. 1. 330 01. 1. 111
01111,1111’11111111·,3.01ομ1ιί010 011111101111 .,
1101111111 111111 1111111111117. 301 01111, nom-my„ 1117. 10, 11111. *q
111171 111111 7. 301 Calybe 31111111 remittat 11. 310 equorum 111 011
1111 7. 1101111111 olympo 0100 111 0111, 111111. sm, cera G. 1. 00 11
11111 11 mae: w 111111· ‚
1111011111 10. 381 11111111 11. 100 011111111111311111 ,11. 10. 311
bn , m. sem. , 011111 111111 7. 101, flaventes 1111110. 3. 300 m 01. 1.
1100001ῗῖ 0101100100οῗ gom 1100011111. 0. 1. 111
{terit 0111111111, 11110110, 0. 001 011111011111111111. 7. 711
lxi 10 fastigia 0. 103 01111111 cupis 111111 E. 1. 10
11111111, 1111111111, 1. 101 11111111, 011111ιί1111 11117. 000
1 1. 70 nundino 11111110. 011 leges 0111111111 G. 1. 316
i 11111110.01111111111111113117.137 0111111101. 000 1111110111
1111Ιί51110. 113 pulmone 0. 701 111111 011111111111. 030 11. 600
1 111111 embron. 037 0111111111. 3. 000, uum, 111110.
,1101 tenebat 111111 1111 1. 100 0. 100 1. 301
μῗῗ 1111111,111μ10111, 1. 11 111111 ἕιζὲιᾞδαὶἰηψ gregi 20111.Α;11.1131. A
. e 1111111.. 111111.
§xus 1111110111. 6001111111 11 virgine 0. 6113111111110. 113
, 11. 111-111110. 1. 111 1111111111
11101003. 100 01111111 ad 1110111 11. 000
Nlla, 11111111 1111110101. 1. 100 0111111111 11111010 1111111111. 700
agello 01. 0. 070 0. 0707. 731 0. 703 0101111111,111., 111111 linito 0. 373
,1ρυ 11111111 111. 1. 111 0111111511111111 11111 1111111, deducere,
11111 clypeo 11 11110 11. 107 0. 1. 307 iter Ae. 7. 30 11111117.
,1111111 11111111 11. 110 311 1111111111111111110. 301011111-
mntem 1111111 1. 000 1111117307 111, Aenum, 111111, Turni, 11. 010
sgnum 1111110111. 71031111 11. 00 {lucteris 11 1111111111 1. 600 ·
μη1111111 G. 1. 331 pinu 01. 0. 71 01111111 1111111110. 1. 300
Ξ,1111111111111111 171 01111 11111111 1111 011111 01. 0. 370
Ι111711 0. 031 10. 07 flecti· equos 1. 100 10. 077 jugo 01111·
Ι8111111. 111 1110. 001 11101111 13. 171
1111111,11111.,0. 3. 1701. 300 οο 1. 011111111111111111011111 11. 10
301131 0011. 00 6. 116 71010. 0111111111 11Ιί81111 umbonum 1111117.
00110.110,111.,0.3.110.11. 1. 1.·11
077 0. 300 7. 70 10. 333 01111100. 030
amnne, yenit.. G. 1. 100 01. 1. 007 011111. 170
1. 111. 1, 11., 1. 111 pem 111 flent 11. 111
000 0337001. 070 0. 000 01111110. 011 0. 177 1110. 101 10.
unam 1. 1001. 0313. 1003. 000 011
0. 0107. 330 0. 300 0011011100 0111111 11111 Rhodopeiae. 0. 1. 101
11, 111 0111111111,1111, G. 1. 011
numantia 11111111 0. 3. 133 011111111111.1.111 ,
ummo ί. 307 170 01. 3. 071 11. 0111011 1. 130
113 fletu G· 1. 000 ,0. 3. 0000. 3000.
Romu 1. 10 117 2. 100 337 170 1. 0000. 000
0010. 110 000 0. 101 010 1100 10. 011111,1101111101ω11 101111. 103
10001011. 01 11111,111.1119.,1.111,111.111.,
ι11111111111111 1. 01 G. 1. 370 10. 3. 371 3. 3101. 137
11111111υωί11 7. 110 011111 11111111 Ε. 10. 13 11111 Β. 7.
umis E. 0. 100 G. 1. 00 2. 300 01. 700
1. 100 003 700 731 1371001. 0111111111111111110.10.10
007 000 0. 1010 700 0. 110 303 0111110. 1. 000
1111101111 0131 0. 100 10. 71 011ἣ11111οο1111 00. fl. 300
110 11. 300373 071811 01111111 discederes. 3. 78 1

01

 

