101010101011 ’

101111101011111 01111110. 1. 0011 10111013010.1.101

1111 100. 110 011111111011111 00101110101111111· 10 010

111111ιί1 10 01 1111111111 1110110 007

1110 111811011110111111. 100 11111011011111.,7.10110.111,11111·.,

1111111000. 0. 010 10011111 7 1719701111. 100 101 000000 110
10111111 0100110 10 111 11007 011.

...11 1011110... 11. 101 1111111100 1110111110 111111
1,.011 1111 1111111100711110 0007111 0011 ’

,037 1111 1001011 1001111. 11010111 1. 070 0. 030 10. 010011 11111·
01101 111. 070 10101οο3101οι 111. 300

000110111οῡ1 10. 000 11011111 0. 0111111301οο 7. 01011. 110
110111 1111110110. 010 regi 10. 007

0101100011011011. 0. 71 111110· 1·.1111100 ,001 1000 110

1111011 1100101110. 0. 70101101 1111101017 170 70110 100100 01710.

01 11101111111101111111010 111 111 7:77 77. 101 000 1111111
1111111001 11111111 11. 1. 1111 011

10. 10. 007 1101111001 11. 710 10, 110 11. 1117 10. ’

. 07 77 111 11 0. 1110011. 70 11110
1· 0111010100 007 0. 000 11010101 ,10. 0. 171 10, 1011012
7 777 1001111111111111110. 2 1100 01111111· 011011
Ιο0 1111· 0110 1111 ,10.11 ,110111 ignom
nubibus 1101101111 010 0. 0. 1110011111. 1011 101111 10. 1.
111111 010 07 0110001011101010110 1110111011
Ι111111 10111101 1. 10 1. 1.·10 111· 1000111101 1111110111. 101 11-
9. 11- 0. 00111 7 000 10. 1110111000111011111001 00100110101111101
’111- , 73. 0. 0010. 00. (1.0 100010. 1101010111 0. 0111 1110011111
1. 100 7. 7111 10. 077 ,1170011111.·1111111111111011Ι 10111111
112. 00 0101110 11. 071 00011 11 07010101
. 1117 0. 070 ,11. 1. 100 10 0000111000111110 0100110000111110.
1 111111110111 110101111111111011011 000
1
11101010 10001110. 010 00001 S
>a 0. 010 11110011 0. 010 0111
10110111710001101011101101 8111111111. 111711· 8 7077
010·1101·11111001110.100101· 81110110 77. 117
1111111110 0. 000 8111110 111010 ,10. 1. 110
1. sem.. ignea 111111 0. 001, 51001111 11111110 8. 010
’111 , 1111001 1001101110 1 100 31110111011111101110 11 107
10111111 1. 1701111111 1010ςί11111 8111111111 us sus ³. 000
1110111111 0, 1110101111 1. 11110 1101101111 1010 ,111 7. 000
1 Ae. 0. 1110 1111101001 0. 07 0111111111 1111111111. 1100
1. 000 0111011110. 000 11110111 0111110. ·1. 0.·11

Sabinis 110. 7. 7110
1101. 110 ,1011100011 7. 000 5111001007. 700
17 0 00 0011010710. Sabinus paler 7. 1711
100 000110. 1 11111. 017 1111111110.1.111

’ 1100110111. 0. 0
1011111.1111.111 1101111111ᾛο10 1. 0011110110. 1100111
1111100000 001 011111. 0. 701 11011110 1011 1111117.
·1101. , 017101111010. 0701110 1110010. 000
11100.100 0.11 11011101111101 11, 711 11110Ιο ·0101101
110111. 7. 10 11. 71111
110, 0. 01 01111111001101100010100.
1101010011. 00110111 0. 001110 0110101070οο 170
11.’101110 11111

11110. 0000 1100111111,]”0111. 1. 0770 070 1 100
0100 1001 777⁰ 0 0111 111 111011

1111010111 G. 1. 00 7 11000010 007

 

