1’00.111111.()1111.11 370

1001 0010101 1010 0. 0. 3110011101010·1 100100 0011101 0. 1. 71

'ui 0. 007 “1011111,001’0111,0. 003 11111011 0. 007
aaron 01101011101000100 101 vnn· 10. 1. 101

3. 001 10. 001 100111 consurgere ‚ 100111, 10. 10. 000
1010 mr 110010 G. 3. 0001101 10010 romum corpur, orr'rrur, 0. 0. 000

10 1. 70100111 molor 1. 130 in 01101 tophus 100001· 0. 010

0101010 0301000010. 000 torique 110. 0. 330

'er 010111101001000.010 10011. 3. 0100.1.7100. DUM!
ἱ 1001 0. 300 corpur 1000111 11. 00 tormenti 8. 007

*d 01011 tari· 10 100 tormento 11. rw ¹2 011
110110001010 gurgite 3. 000 10100 Ε. 3. 37 0. 0. 000

1100 eapite 1111110 0. 0. 073 fluctus 1010 Ao. 2 10. 000 000 000 0010.
nl 111010 10. 1. 107, 01110, 10 101000 3000. 0007. 0000. 177

rari-0 1. 010 ernon· 0101001. rom ³. 1110. 011 11. 01111
1000110010103 00300, 011111, 1001- 101 0100111 10010 00100. 3. 37010·
0011 111010 0. 370 1100110010Ιέ0 100110 011 praelia riter R.. 0. 000

ν. 370 010111101101010110 7. 000 000. torpere 1000001111 veterno 0. 1. 100
160111 111000. 10110 00101100. 1011011011117 ’

01 1011000 0101110 1071007010· Torquatum 0. 000
Ι1010103101111010111000010 001100 torqueat 001101 0. 1. 1700011010 10101-
0. 0001011100100000010001 10. 000 00 110. 11. 001

0 1111100110 00111 11. 000 torquebat 1111001100100 11. 773

10 101· Teucri 3. 001 100010 0. 130 mrem, 1011011011 11. 001 ,
1110 11101 10. 000 10100000100111010101001011100100017
itur 01100110 0101110 0 3. 111 7101 torquem 11101 1100010. 3. 300 lunia
010 Β. 7. 000110111ψο1110010.007 3. 033 Ε. 7. 000 tegmen 1001110.
0 000101 010101 11. 700 01. 001 000 0111110 0. 000 .
100111110110. 30 torquent 110111 11101001 3. 0000. 000.

00100 1001000010, arbores, 0. 1. prore· 11 1110103. 031 cornu· 00101· ·

07 10101 0110 01100110. 171 ,11. 0. quemque 0. 831 010100100000111·
Ιο100110101,001001000. 11ι 001 101. rum 10 070

aad 01110100 037010010101111011- 1010000100 1010011 10011000. 1. 300
m 10. 000 11. 077 0100111 10011 010. torquentia 01011111 11001101 G· 3. 000

0. 007 gemitum 11. 3711011010 10 10100001011011 10 010010. 000 ,
[10111100 0110101110 11000 0110 torquere 0000 1010010 11. 10. 00011111.
0 gurgite 8011010111 10. 310 1011001111900111, Ε. 7. 701

uaniu- 1010080890.Ἃο 000 torqubrr 111110111οι90. 1080οο 00111 000011 101
1 01010 . ru 0010100 .

00100110 03101010. 110 torquet 00100 rm, 00011, 111101 1. 111 =

11111 110 0. 030 101 ruam, 1100101, 1. 101 001 melu
100 nrm puls· 8 010 01 101100 00101000. 000, Aura, mn
11 Eurique, 2010111000 (101000 0. 1. humero 0. 000 0. 707 0101001 111 11·
171 port· 000113. 001 1110010100 11, rora 0. 177 101ιο0111 rm, megum,
1. 071 0001010 10010111 10. 707 0. 001 001 110010 0100111 0. 0 011-
11 1010001010 71001, 1110001, 0. 010 mem 0 071 11 porum 0011101οω101,-
10 0100010,000101, G. 1. 3 00 0. 710 jaculum 10 110011 10, 000
00011 001110 00101111 0. 137 101010 111 tempor· 11. 000

1001000011 juvenci 0. 1. 10 011011 torquibus 0. 3. 100 0. 070
Μ 0. 310 tom 01101101 001110 Ε. ‘1- 000

100101 0110001 quor 10. 3. 030 torrebimus 0111 0. 0. 000

1101100101 00110οι1 0. 1. 00 1011001 1001111001 Ae. 10. 000

110101 0 1. 100 cyrini 0 031 10111010. 30700710. 30301111 10-
lmnmrm wsttm

1110 10. 0. 100 0. 000 0. 001 1011001 1110011 10. 0. 103

10, sen· 001, 001000 0. 000 mr. 1011001010 000110 0. 0. 001
k.. 1110011 0. 0. 000 0000101100 12. 0. 100 10. 110

111 011110 0. 01 Ι. 0. 770 torrenti· 001101 E· 7. 00
U, 1111 , 7. 00 ternarius 011110 Ι. 0. 000

 

