999 11

1111111111 1119 10. 91

usu 1111111 alque 11111 G. 1. 9000
111 Ε. 9. 181 111111111111111011
1111111111 1111111111111 11111111
9991. 909, non 11111, 97191
991 9. 179 11111 prodigium 3 91
dirum 1. 103 prohibendae aedem
9. 197 1111111119. 991 majus 11111
7. 999 1111111911 9. 999 impressu!
10. 1971111111111111 10. 901

nasu ‚ merjeen'o 11, viu, 11111 com

frendere ignem, 111. ’1. 79 9. 091

11111111 1111111 pom 9. 9. 91 111111

y 11 199119

nega neque 111, 1111 , 11 gente 11
3111119. 79 numquam 1111111011
11 me 1. 931

11519111ρωω1111111111110.9.991
1119111 Ρ11111119. 907

nogant 11111 agros, 111. dubunt 111111
19111, G. 9. 9191111111 11111011
ausewnt 9. 191

1131191119 1111111 11 purim redi·
111 111. 10. 011

negares non mihi 91191. 10. 911

11811111111111911111 G· 1. 119

ungat 1101 Jupiter 1111 0111111 Ae. 9.
171 so discernere diem noctemque
119111. 90111111 met 1111111111 in
11111 1. 1991111111 9111, obstat
111111, 7. 0111111111111 011 19. 911

Inqeeget quinbcarminaA (21811022913. 10. 9
11111 11 rupe 1. . .

nomo 9. 309 919 9991111911 9. 9

11111119. 8. 99 10. 9.(1. 1. 9919.
190 909 3. 993 91. 1. 199 1. 70 9.
1131. 111 1111111111

nemore 9198- nemori 7. 779

nemori· Ao 9. 73 G. 3. 139 7. 999

morou 2111191191. 9. 970

nemorum 9. 9. 97 G· 1. 11 999 9.
19 91 999 9. 19 910 990 Ae. 1.
, 9110. 998 099 ma 717, 910911.
919 997

’ nempe G. 9. 999

111111 Ε. 9. 11 7, 99 8. 99 10 19
G. 1. 19 9. 909 101 1999. 991 ,
Ae. 1. 199 9. 1191. 119 9. 119 2
9. 999 179 998 7017. 919 799 9. 2
99 108 910 909 319 991 990 1

. Neoptolemi 1. ³³³ 11111. 111

Neoptolemum 9. 900 919 ι

Neoplolemun 9. 999

1111911119 0111111111. 199

. nepotem 9. 990 709 10. 17

nepote· 9. 9. 90 Ae. 9. 109 909 1. 9
999 9. 981 797 799 7. 99 pum

 

