1088111110111111 · 875

11 81. 8. 708 7. 1111111111 pulum 10. 80811 111111 11. 11111·

1. 778 111111111111 18. 811

18. 1. 87 Β. 1. 818 818 1111111111111111118.1.811811181111111
11111 1. 111 pann· 1. 111 111111

1 pinum 8. 1. 188 palam 11 111111 1. 17 11 1111111 11-

um. ³. 811. 110 8. 11 1111118108

10 7. 1181. 818 1111111111 111111 1. 181 1111111111 8.

111 1. 1817.118 8811111111. 888 ·

1. 181 Β. 1. 888 1. 8178. 11111111 lulium 1. 8881111111 8. 81 n

1111 1. 111 111 patmus. 111 11111111

187 1. 188 101 7. 788 8. 1111111 11116111 0. 1181111 1111111111
11111 7. 808111111 cornu 11. ’808

1. 8. 18 18 81. 1. 880 180 11111111811111110111

18811877. 171 11. 177 111111111111111111111 1. 801

11111111 flumin· 8. 8888111111, quo ,

, 188 quae 1111111 11111118. 111111 8. 818
1111111111 8. 1. 8811111 pom 111111111111117118118. 1. 188 8.
1. 188 fandi 8. 211 diam 1. 118 De· 811 regnum gentibus m
811 quw 111111 ’1. 87 Peme 1. 18 gressum 11 11111111. 111111-
1111111111 1. 107 1811111111111 111111 1 8801111111 11
mais, Ε. 8888188 811 litora 8. 181 supplex 11111111 111 litora
87 8. 71 818 Ἀθ 888 8888. 8. 818 118 11111111 Ditis, pm 111111·
17.1888.·880 881 1. 888 118.811118111811’1’111111118.878
888 881 18. ¹2⁰ 188 178 1111 111117. 7 qu& 11111111111111111·
1111 8. 8. 18 81. 1. 188 881 111 1. 888 in 111111111881111111·
1180811188 11 1111111110. 870 1111111111 111111
. 1. 80 88 7. 88 ’10 8. 1. 81 1088711 11111111 111111110818111,
818 8878818881.100 888 minutatumque equarum 11. 181
817 8. 8081. 887 8. 1018. 1111111111 11111111 11. 878 111 nider·
811 11. 878 808 181170 788 118 moeni· 18. 8711 ⁸
ι 11111111 poton 1111111118. 1. 11111111,118111111118. 870 8. 118 0.
1118111111 81. 8. 118 781
1. 718 1111111181 1111111 [Β. 8. 170
8171. 188. 1. 818 888 1111111181118. 8. 888 1111111811111.
18. 80 11118111 888881. 80711 litor· 81. 8. 80811118888
8818881. 188178 8. 888 1111111117. 188111111111 111111 8.
18 887 7. 811 1. 818 Ι10. 11 188111117. 181 1111111 per 111111,
1808 811888 11. 8 18 18 1111111111,1.818 exponam 10. 881
1111111, 11111111 111 tempus 11 moenia 11. 871 1111111111111
11 8. 118 1111111111111, 11111, ferrum 18. 777
111118. 8. 111 111111. 181 1111111,111111111111, 811, 1111 1. 811
1 1. 1711111111 1. 178 81. 111111111111111118. 888 1111111188.
18. 101 111111 1111111111 fundu· 181 11 1111111 proprium 1111118. 880
11 8. 8 nm 8. 118
1111 G. 1. 87 1111111. 118 111111 1111111, 111. Ε. 8. 88111111 obvia
11111 um 8. 8. 181 11111 pn· 8111111118. 1. 11
sam, 81. 1 188 , 11111111111111 111181111111.1.871 .
1111111 11. 111 111181111118. 881
118 1111111111111 8. 181 1111111111 111 intenti 8. 1 1111 8. 800 8.
111 8. 8. 8881111 11 111111 111 177 1111111111 81181118. 817 1111111
81. 11117 1. 787 181ω11111111α1111118. 808
1111111111 11 18. 1. 100 11111118. 888 111111181881111α·
11111ῗ1ὁω 11111111111111 Γ) 8δονὸθ, ι111111111111111118..81811ὦ18111·
1.. 11.11111111111.11-
11111111 8. 811 cem 8. 887 11111111 1111111111 8111111
111111 11111 1. 8001111 811111· 1. 188 11111111 1111111 11111 11 111111
11181111 18. 8711151111 111 111811111111111111788-
1. 808 18 nup! 111111 1. 881 11111811 1111 1118111111 Β. 1. 8111811·

 

