878 418

11.1.1111.111.1711.1111
11111118. 4 48880 11. 8. 48074
7878. 848 8847111788 787 8. Ι
711811011118181181018
11. 148 814481881877 801 41
11111118. 4. 81 111..8 18744. 81811
8400. 818808 484888 ’.1
1111111171.1.110..111111.111
’ ’,ι '⁸0 υ· ⁶„ οι 681 ²¹⁷ ι·
111111 8.1.188 810 88 8. 1871
’11111111111111111111
484 3. 8888. 474 10. 800 11. 84
Ι 18. 84 814
111111111,1111. 9111.. 11. 478
111111118. 8. 88881 188. Ae. 7. 88
81887180. 87811. 478
ΝΜ ΠΜ G· 8· 883 7480 fili! Ae· 8
881111118. 488,181., 111110. 88
1111111111118. 18. 38 -
111111111111111,,911191111·1 G. 1. ss
11111111111911111. 1 141
1111111111 1119111118. 8. 80 1111111181
88 11111111. 848 111118 410
1111111111 1111 Acestes 111878 111111
81118110. 848
1111111111 1111111 111111111111 ·
111111111111111118. 484
111111184818088
111111187οθ 187881188018. 171
1111111111,11111 11111,1111118111118.4
48811111 111.3.13,111111 91111,
1111111111. 880
Mavortis 8. 878 8888 “
Mavortius 1111111111 8777 11111111 0.
8111111111 911114. 808
11111111,1111.11“.19..,]“111 1111111118. 8.
18 1111111 1111111118 1111 11111911
⁸ 1181 4 8841111111· 01111111 Ae 1. 888
1111 11111. 8888111111111918. 888
111114.8718.8410.8888111118.
800 11111 8. 84411111111111 8. 808
11111118. 811 nemorum 11111 7. 88 11·
- 11111111111.11111111.11111
814 qm 1111911111811 111111,11·18.
87111111 111111 verborumque 811110. ’
87011118111111111114111811·
11111 pm 1111111111 nostrae 8. 2. 48
1111111· 9111.81118.10.7891111111
9111118.1.10011111911911118.808
11111111 Ae. 3. 848 11111111 3. 708,
11911, 7. 817 (11118118. 718. 111111
1114911619ὲο 784 duo ’11111111 cottam
1111111111 811111 G. 217⁰ Teucrorum

 

