vocAssuLonuM 888

14 441444,4ημηηι, 12. 208 4444444444 441444441444444 11. 487 ⁰
44444444 44444114 141144 G. 3. recusent quae pepigdro 18. 18
4444444 44 14414 41. 8, 88
44414 4411. 180 4444444 quid 4144444444 regio G. 1. 88
regna 4411144 8. 844 recuso 4444 41141 4444444144 8. 1. 704 noe
4444444 sonte G. 8. inportu frangere puppim 40. 887
817 mcum uteru 1. 52
,44444444 141144 AE. 1. 888 emm 4444444444444484 41. 888
1ρξαὲἑιαιυοωικι 10, 804 om 4484444 quae 4181 pro 44441444444114.
muco 14444 441144 G. 1. 414 reddant 4444414 ²- 447
prm 14. 8. 878 reddantur 4444444 8. 147
44414 8. 81 pedoribus pecudum reddar 4444414414 8. 848
444444 4441441 annalem 4. 478 14444444 44
444144444441441444 nol G. 4. 88 144 mn· 40. 484
444 14. 8. 481 44444114444444 44 Simoenta 44144414 10.
444 8. 814 01 me 44414 11. 880
44444 ⁴0⁰· ⁸· ads-⁰2 .„„ 44 ⁶·
ο. 44,444444,. 444444..
. 4444 1. 888 881 voeenpde. 1. 418 4. 110
144441144444444,4444444,0 redde etcnprum E. 1. 11 corpora 44.
qum 144444 ehem Ε, 8, 8418, 444444 4404414144 8. 788 44 1411 cmm&
Ι14444 44444114 nedibus 7, 'm 444414 8. 170 444444, 444444 fiuntd,
111414411411141101117 gnam mem 4444114141 omnin G. 4. 888 4181 honorem
44114 zm ereptum ,8. 8. 848 4144 4444441444 8.
4 4444441444 44444 7. 888 888 ensem ’144444 18. 788
41 4144 audiun, 107 mum. reddidit 4444444 sepulchro 8. 843 quon
. vocem 4444441444, vadumque 44411444441441344444 8. 708 144444 44·
4 4444444448 878 una boum vocem 8.
44 sibi 44444414 1. 808 817 14444 4444441414 41. 181
11144448.108 . reddimus 4444 1444418444 (1.8 184
44441444 44 Qu 4. 40044 4444111444 equus 144 44444418. 1. 180
4 ducum 8. 8 minu 44114 8. 118 undam spumantem
bit 3444704814 d. 178 4144144 8 4448404 vulneris Ae. 14. 700 talia 10.
ι81178 880 4444444 144441 18. 788
444414 8. 181 4414144, non-sen, Eurydioe G. 4. 488
juvenum 8. 178 444 444 oculus 4444414 81. 1. 740 444
nub 4444444144 fugi 11. 1. 14414 8. 40 pm regnorum 444414114144448.
888 88814 4444448. 418 4444 784 444 444 ex luco 7. 08 444144
8. 1414 4444441 11. 04841414 444 4444441114 18.
gemm (1381111111 4414114 444 nonni· 1. 888 4444444444,
4414 111444 8. 718 in 14 domin enu'e, 8. 888
44 18. 88 ruffina 444 imo 14484 8. 178 1414144414
4444444411. 1. 401 · 8. 18 4414 4444114 14. 888 ,
4441 414. ’4. 1ω reddunt 44144444 G· 8. 484 4441ρί441444·
44441. 448 4141 414444 4441444 4444441444 14111844 444444 4. 11. 44. fl·
480 44 totidem 144144414314448. 111
44444, 44 414. 11. 801 redemit 14444444 4441414444 444444 4.
,41144 444444 44144444 44444444 481 ·
8- 888 pingi 10. 888 redemptum 444414 444 Ae. 8. 118
44444 7. 818 redeo 84444 tt. 8. 18
4444 4444444414 pum 1. 407 44444444 8444444414 regna 4. 8 144 44444 G.
euru-233⁸ 411174ἑὶθ 3 aa 4414114444 in 44414, reneri, 44.
444 44 44444 . .
Ι. 118 8. 408 4444 jum 8. 748 „dantibus 444414 8. 47

88

 

