111011111111111111 801
loros 11111111 frondis AE. 11.. 0017. 10 020 0108. 10 0. 00 088

. 111. 711 010 11. 10212 000101
11111111111111 10. 21 11082 ,imm 1. 8 200 0. 00 10. ’700
11112. 200 1111111111 2111. 0021101 1211111801
11117. 110 . 1111 Ε. 2. 110. 01021. 000 18 1.
111 umbri tortumque 11111111· 01 2. 081 072 001 0. 0001111710.
101 obscuri· 1111010011111 101 ,11. 7. 000 110700 0. 102 0,
1, vimque. 11111118. 00011· 101 10. 200 11. 012 728 12. 0110110
11 1111111111 111. mem 111111, 11111111111111111111, 1111111,0 0. 2.·12
1111 cuiquam 1111111111 11 10. 01210
111111110111111111 011110. 1. 11111111111111111112. 101 ’
111111111111· 0. 2. 207
1111 nimbi ,11. 0. 108 ire 111111 videor 1111 1111104000111·
111117. 77 111111.. 1. 107 ,11. 0. 071 1. 010
11110111110200811111111 111111 0. 0. 77 11. 1. 10811111111111
11. 8. 2110 0. 0. 2021111111 1111, per 11111111, 1.
ille 1111 1 11111111111111,111· 108 pff 111111 1. 221 1111101111111
1111 ,0 12 2112 , 1. 08211111111111111111111111 111,111.
111 11 1111111111 51111110. 0. 1011 22711111111111 111 1111111 2 7111
um cingitur 2. 010 ‚ quove 11111110. 88111 0111111111ιο 111
1110. 1. 88 1111111 demoror? in nemus 1111111 1. 118 1111111111.
17, fue deht'le‘ae, 10. 781 010 in lacrymas 1110111111111111111.
11111111 7. 100, m 1111111111· 000 11111111 0. 700111110111111111 ge-
1111111111, 9111111111, 1111111111 11111111 0. 108 por 11111111 0. 080 per
ffeeeue 1111111111. 1111111110. 101 11111111111111111111111
1111111011 7. 780 0. 710 11111 0. 800 ul 1111111 111117.
711 70 1111 pedes 11111111 111111111117.021111
1 · 11111111ςὶ11111 pedm 11111111 111
110. 2. 108 cominus 10. 100 ρ11111111111,111111’1
unguo 11. 0. 2111111110100 fimo, 10. 108 obvius 11. 770 pln-
11110. 871 111 11111111 11111111.111. 11. 002 111
itus 1. 711 1111 111111 11111111 711101111111111111
,110 11. 1. 0011. 000 077 11.00111111111111111 11111 12. 800
ι’. 210 1111111111111111110111 12. 881
1. 12011. 1. 02 ,1. 220 1. 11111111111111111111113111111111101111·
0817. 100 0. 000 0. 00021 1111111110. 2. 01111111 [1111111111.
1 θ 111111 AE. 11. 880 11 11 muros 12. 0011
,111 11. 02701. 100 008 7. 11111111 coeli 0. 18
1111111 11111111111111
Ι. 0111. 10 G· 0101 202 11. 11111· 700 10. 70
0 008 01181 1. 01 001 011 inamabilis. 111111. 11111111. 0. 11011111. ,
7211717 781 8. 0811 7. 220 1111110. 120
[1 0. 1101 070 710 111. 1107 7011 1111111111ἓο tompus 0. 0, 281 1010107
1 12. 111 217 810 870 irrigat ,11111111 por 11111111 1111111111·
010100 1111.0001111111111111111 0. 011
ι, 1111111, 111111, ipo, 11111,111111, 11111 Pactolus, 19101111111111, 10 112
1111111111111111, 1111111110 irriget 1111111 0. 1. 110
11911111 sem. 1111111111 fontem 1. 02
2³1⁸ (ὲ. ἑκ 102 11. 1. 118 2. 111111,11111 ἐκ, eg} 1011001
. . 11111111 111. . . nno 11111111·
1111 11 munda eylkh 11191, 1111 0. 272
111 8. 181 11. 717 irriso 11 offer periclis 7. 1211
2001120201100701. 170 111111, 1111111. 11111111 11111111 11.. 1. 11
70117810. 107 7. 112 1100 dona 0. 1010111111. 2. 0111110001
0010. 11 02 001 700 7011 11. 7011 donant 1111111111, mandata.
. 712 1120011012. 108 027 111111 0. 010 1111111110110. 0011111
11 1111111111 putaris 10. 211
. 810. 10011. 1. 1111012. 11111111111111111111 AE 1. 178

 

