1111, 0 10001111, 1111111111, 10.·
1111111 00 700

{tepido mihi 0. 7001111111κο 0701111Ή

111111110111111,110“111111110.ῌ
eim 10 080

1111111110. 0800. 0007. 008

111180.100111.1101000.οΝ
0 808 000 770 0. 000 880 81008
000 8. 001110. 000001 10 081

1111 (1.0 080 81. 0. 011 0. 081 .

1110111111 (1. 1 180 ·

1110111111 1. 1000. 080

, 11111111 E. 8. 77 G. ³. 100
Ι1113111111111111οι1911 11. 0. 080 Ι
1111111 .

tridentin. 1.1111.1.1111.111111’
11111111101111111110 1008. 000 “·
trieterica 1111111 Orgia 1111111110. 000 1
11111111 11111111 (1110111110 017
1111111111. 1. 0700. 0018. 00
1111111111 loricam 11110 0. 007 7. 000
Τ111111111,1111.]111., 117111 ³· 000
1111111 0. 000’,101., 11010. 08011· .
111110. 000
111111111111111111111 ·
711111111111111110. 080 ,

Trinacrii 81111111 0 000 1111111110. 000
11110. 000

Trinacriis 111110. 070

Trinacrio 1111111 000

71111111. 0080. 010

711111 1111111111111111 111111 per 11111·
1111, (1. 0. 001

triplex gens 11. 10. 000

1111111111. 8. 7011. 0. 1100000 7.
7808. m 10. 780

1111111110. 000

1111111110. 110

(1111111111 1111111111 E· 0. 80 11111 11.
0. 180 1111111110. 7 11111111111110.

“ 000 supplicium 7. 000 1111111 0. 000 ’1
1111111111 uidua 11. 000

tristam pugnam 1. 111

1111111 imm. 0. 11 ,11. ³. ³³³ ’11111
(1. 0. 001 11111111. 1. 000111111 ’11
7. 000 potu· 7. 01711111 11. 000
111111 11111111 (1. ³. 008 morbo 0. 000
11111111. 0. 1803808 0001111110
108 011117. 0008. 001101ηο 107
111111111107011111111. 0301111· Τ
1111111101 10. 100 ⁸

1111111 0111111. 0. 7111111111111110. 0.
00711111100001111111 0110
10 010 111110 008 01110 101711·
11110. 000 1111111 0. 800

101810111110. 1. 000 0111111117. 71

 

