10136111110111111 613

1111666611 1.116 platanum 1. 116

1111 1111113. 66 plaudentem 611166166161111 ,16. 3. 618
1111 8111116611 1111111 1666116616Ι1111611611166616116611161116. 611

·11 G· 1. 617 plausa 6661611 13. 86

111 161161 11. 366 ,11611616611661616611666 G. 3181
8161116611 E. 3. 113 1111111 11. 7 686 1111111111 G. 1. 183 2· 200 3. 636
111111 111161 3. 116 ,1166111161 116 3. 116361 66. 11
611 61161161 E. 16. 63 138

11111 apori· nil 16116661, 616. 66. 3. plnum 6- 118 338 366 673 3. 717
mro gakun 61116161, 616. 11. 333 ρ161612161636616161 1. 761 1161. penis .
’1111,161.. paco 1. 633 8. 336 661111 6116616116166111. 3. 668·

86 3. m 666117. 136 1161166116 [16661611611616161 Am. 318
1116.)161.,1η6611 16. 163 1661161166, 6, 8011

1111116116 Ι91111’1.,111111111166.8.88, 11611611 1. 138

11. 116111, 6. 633 611111 1. 333

33&- 66161616 1. 663 1. 6 Plemyrium 1161161661 66. 3. 663 ·
Ι111υ1111611. 116 666161 66. 6. 766 plenu, 1611. [661.,1166111 1161111 regio
11117. 16 Ae. 1. 161 bum 3. 163 661. , 1161
1111166161111611611116 6. 86 661611 16611 1116111166. 1. 3118666111
31661111.. 11111 6. 818, plur· m„ 66. 1. 716 neuer- 11111.. 16111 6611111
1161611 1... 611111. 166 1. 1. oo mo omns. 61. mmmm
6611 11111611 6. 371 G. 3. 1 11611161 3. 113 [11166611 3.
:ui-im, (616616 1116616, 3. 78 166 [66111 1. 3711 6111116. 336

1166 pet-loro 1. 636 6117111111. planto, 96611, menno 6611738,
1111666168. 68 pla, 61611 111 616,6,·161, G. 1. 181
111111 166111 111161 11116 11. 3. 36 11· ptem agini, »61161116 66. 6. 311
11 1. 111 soporem 1. m 8. 106 [111111611111111 8. 3. 16 161111 11. 1. 871
1161666161611. 678 116111 3. 6 6161111111. 38616111 61.
1111161661611116111.3 166 6. 381 1611116111 6. 883 6616816611
1116116611 66. 1. 38 7.63111111.33616111113 131
filum , 6111111161111111 1161111118. 7. 1116661616 G. 3. 3661616 63. 1. 161
7 116 66. 1. 6871661111 componite 1616 1. 713 1111161116 8. 63 61111663
3. 16 plenos anguino 11161 6. 166

111111. haud 1661611661. 13. 76 plenum, 111 61666661166616111. 3111
111116 illum 1616111 1661661 G. 1.167 plerumque 1. 36

1111 1666611611 66. 13. 663 1116161616 16 in 161 16616611 66. 6. 373
:n 11166111 1. 338 3. 638 16111161- ,1611511116161666 G. 181 16111111
11 7. 337 pinet 61611111 11. 336 66. 16. 867

1161. 131616111161617. 383 plum 16. 163
·1111616611116.76711·16611 11. 366 61611116 1. 181

83311811· ’111 1111881786

ς1η1666161111116 1. 361 plumbi 66. 7. 687

gentio 11161166 66. 11. 113 1161666166 3. 688

18616. 861 “ 1111111111 3. m

1861111613. 1371. 66813. 667 plurali. 6. 16. 6. 6611. 1. 187 3. 866
66611116118. 1. 331 Ao. 1. 386 6. 336 3816.1687.117
1161111161 1. 637 116 666 8. 113 11. 68 13. 836

16 punctu 111618. 3. m 6111618. 3 36 G. ¹. 86 66. 11. 337
1116 16161116611113.86 pluribus 611611 16. 666

1111116117 plurimu, 116111. sem, 1111 G· ¹⁹. 187
1111, pedis, ,16. 7. 811 116111 1616, 16116, 3. 168 Ι11111611·
1111 F.. 16. 16 G· 8. ‘2³ ³⁰⁰ 1. 116 vix G· 3. 113 1111116 1.11616611111161·
1111116111 16. -1, 366 661111118168 go 66. 2 366 1111 1116111 3. 1366111·
6161111611 11 718 1111116. 366661116163661111616.
111111 3 63 6117111161 11. 313 undet ¹
ani-2 76 1611113. 666, 1111661111,

 

