00010010οΰ0 711

11000 3. 000 agrestis legio 7. 081 1111101 11001111-
’giu 1111111117381111111111 111 11. 1, 310
10. 0. 07 stipitibus 11. 7. 011 agrestum, 11011. 1. 10
0111111 11. 101 agri , 1111. 11. 1. 017 7. 10110. 000
3. 1. 1111. 1111. 1. 111 1. 111. 11. 1110. 1. 111
10 0. 0000. 000 001 0307. 00 03110010 1. 017 000 1. 0101010000
00 0. 003 0. 0710. 171100 Agricolae, qen. 0. 1. 001111. Ε. 0.
101100370110. 0000117000 01 0. 1. 101 000 00110. 00 0. 070
’1008111ὶ 11. 1812121 1. 11 111 11111111101111
·. 111 100100 100 0. 000070 1111111111 1. 100
. 071010 7. 111000 010000 agricolis 1. 110 1. 10111. 1. 011. 003
. 0111. 111111111 11. 111 Agrippa 8. 111
131 001 711 10. 11. 100 003 agris, ngrofflgroe, 1111111111 sed 01111111-
00 000 11. 111 130 170 010 11111111111111. ’
01007 007 003 000001 01111- 11111 1111 11111 0. 0. 377. Tro& lan·-
gminu 11111111 0. 3. 013 1111, 11. 11. 010

1. 301 3. 310 300 0. 107. 10. 111111111111111111 11. 300

007 030 1. 111 000 717 701 Agyllina 7. 001

111 070 0000. 711700 7. 700 1111111110 0. 070
7 000 0 10 370 718 78011. 13111111 11. 101
0170000000711. 311111 0110110100000. 1701770.
mammam 11. 1. 1. 1011. 010
011111οῃ08 remum ‘hss'goeffl'ozsso Μ’ “m ¹'

111 01 . .

110. 000 ψ 5 0111119111.11101.0.1.10011.7.003
7. 707 11. 110 11101111 falcibus 1. 013 11111111. 003 10-
aar. 11. 1. 11 1111. 11 nodis 1. 111 qumis 11.
11. 0. 7710100 007 770
11. 0. 1. 311 0. 030 11. 0. 01 Rheno· 11111111 0. 103101101107. 030
1. 1 jaci· 1. 11

103 0. 00 11. 1. 030 1111 1. 111

0. 107 111, 1111111011,11011111111111“111’11111.
11111110. 170 01101 0. 000

1. 070 0. 01317 0. 100 00, emme 11. 000 000

0. 001 0. 13 0. 100 11. 100 010017 10. 710 11. 017
,1 11110171 0700107 731 1111111 0. 131 111111 E. 0. 00
0 alacri· Ae. 0. 000 0. 000
120630 , &luggam de 11110111, 1. 111. 11. 030
1. 1101013. 100 0. 101000 1101111 1. 300 010 11. 070

10. 070 “ 10000 00111· 01000. 0. ’17100 10111. 1. 0000.
.031·1 ’ 1101 11010 110.0.1177.10100111.810 000
1. 000 11111111 3. 010 11011110 11. 700 11·
. 1. 0 mor addidit pedibus 0. 111
171111. 037 00111111 Ε. 1. 10 111111 planti· 11. 0. 100

11. 3. 703 dha, 11111. soem. 0. 1. 000 10. 3. 301
1111111111. 0. 0111111 0. 0. 103 0. 10 00111. 7. 10 11. 0. 000 mi.
111011. 0. 1. 11 11. 7. 0010. 101. 18. 0. 1. 130 11. 0. 007 1100
11111111. 1111111117. 101 111111 1101 0. 700

103 nympha 10. 3. 00 Albae, 9111. 0. 307
111111 Ε. 1. 10 0111111110 11. Albae, 1111. 0. 1. 01
ῑ 51110. 10011110 1111111111. 1111111111. 3. 110 0. 007
1 1111111111 0. 1. 031 stramine 11111111 1. 170 0. 007 0. 7700. 10
1. 67 11111111, plur. 7. 001
1111117. 070 11111111 0. 013
1, 111017. 0. 1. 100 11011011· 110111,11111. 1. 110. 000 0. 300
1. 7. 111 1101111110. 703

 

