vmtanubouum 000

domuit monocentaurum. 2. 133 000000, voc· 11. 370 101
donum 1·:. 1. 33 1. 21 7. 110. 3072 nuncu. 000000. my· 001 11. 122223
10. 77 G. 2. 2001. 10. 133 3113 Ae. 330 110
1. 003 2. 370 077 702 730 3. 83 7. Dranci· 12. 011 ·
01000 0070010. 100 000 00. 000 0001001 01. 000
303 12. 803 Druso· Ae. 7. 281
domu· 0. 0 000 10000100100000 Dryad„ 1.. 0. 00
Ao. 1. 172 100 000 000 1. 100 000 orme· 0. 0. 00.
311 182180 333 032 3. 117 018 1. Dryadum 3. 101. 100
310 313 3121 211 030 3. 27 33 01 000000 0090001001. 330
083 7. 122 371 11., 30, 03 102 233 0100000000111100. 10. 331
1011000110. 000 00 0. 01 000 Dryopen 1⁰· 110
010 01. 30 000 017 Dryopes 1 111
10003. 3. 0130001. 1313221. 1000000000, 0. 1. 237

0 010 Ae. 1. 000 000 000 1. 00 00 dun ι... 11. 0. 00 Arcton nrm 0. 0. ’

111 180 3. 301 101 1001881. 133 2131101·οΙ Αο. 12. 723

3. 101 200 302 383 301 100 0. 223 dubiae 11101111 1. 33 11. 311

032 871 7. 80 133 8. 181 281000 dubiam mortem 2. 330

7217211 112113 301 107 323 10. 1132 0030100000οω metumque 10100 ,1. 222

11. 220 1711 12. 730 1013001500 G. 1. 233 nonam Ae. 2.
donabimus 10 01001111· 3 03 171 rebus 3. 103 11. 330 in 1010010 7.
donant 000010 nubibus 00000 10. 03313 80 0

-3000010 0. 3. 303 dubio coelo 0. 1. 232.
1000000000 10. 0100 00. 000 00000- 00000 Ae. 0. 000

re 3. 202 331 dubitamus, 01010οἰ10000· 1310000100·
100010, munera E. 3. 11 extendere 0. 003 ’
donati 0000100010. 3. 230 ’ dubitanda, 10001 dubitanda 00100. 3170
01000100 3 303 0101011001,01303110011000010000 0000110.
donee Ε. 0. 03 0. 3. 338 1. 312113 2. 133 ’

Ae· 1. 277 2. 100 030 710 3. 008 0. dubim, quid 0101011107 10. 0. 12

713 8. 320 0. 112 10. 208 301 11. dubitem haud equidem Implome 0. 121

201 003 0311 12. 231 impla-re 7. 311
lonis 1. 131 003 718 3130183 1. 03 dubitet potone 8. 011

3. 31 313 0. 833 7. 2818. 01 7011031101, id 3111011010. 1. 212

000 00. 010 00. 00 001 ί0000... ...011001000000000
1000, nom. 2 200 0. 338 qum doditj 000 num 001001010οἰωο 3. 230 “

E. 1. 07 duc 00. 0. 000 00. mammosam&
300000 1. 030 2. 31 3170 3. 108 11. nos 0. 1. 338

300 ducam 11 in 1000010 1. 103 10 mlo flu·
Donysam 3. 123 mine 10. 0. 37 10 1010 nune 0. 373
Donet 000100 2. 27 3. 00 3000010000100 per 1000000 0.1. 170

oon· Ε. 13. 3 ‘duent 100000 nd 00000010 10. 1. 010 μ
lomim G. 2. 303 ³ 000100 tecum 1. 133 m 1000000 3330
lom, aratri 1. 172 oqui 3. 110 mo· 0001000 larba», 00 memmium, 1. 323
ris 3. 133 0001000000 ,10. 0. 231 nym- 11οω le Ε. 1. 13 ,10. 3 31 mo 10. 02
plne 10. 223 00100010 13. 303 12. 2311 Achate 1. 7113
ionum 10000000 mari , scopans 1. 111 10003000 nio equidem 001000 3. 300
100900 11. 377 ducebant 00000 0. 003
Dorycli 3. 3211 017 0000100100 10001100· 2. 0320001101 ψ·
'dobere unguine ’1005100 7. 310 0100 10000100 3. 333 Phrygia eim·
1011100 Tyrio· 1. 101 orgia 3. 310 0010110 0100000110οω-
1010Ιί0 regia 0. 737 11. 330 100 11. 303 00100000 000100οη31Μο0
101οο 7. 123 111. 200
2010 Nereia 0. 102 3000000 0. 0. 123 10. 3. 122 1.2213.
1110οο. 1. 108 203 0. 100110 10. 371 371
{neonem ,10. 11. 731 1000010 datur lavinia, 10 0000009011, ·
lamna 2. 223 7. 330 ’

buoni 1. 131 ducent 10 potiore genitu 2. 283 sm!

 

