00048111041141

,30-111111111118. 430 1111411411. 4. 438
37 colendi G· 1. 131 4. 118.
1. 480 41. 4. 430 11111141 3. 40 333
111 3. 308 4. 483 7.108 8. 11111141. 4. 433
10. 300 11111114343-1111 3. 77
1. 330 41. 4. 133 1111111111. 784
87 -1111111111 4. 410 11Ιί1 1111118. 3. 01 pagna unguis 0.
04 433 7. 344 3. 430 penates hospes 41. 4. 43 111-
1110 13. 183 rem 111111 7. 403 virginium 11111114
. 4. 483 mulla 11. 484
11. 8. 713 111111 111 G. 3. 413
. 1. 443 4. 388 ,11. 3. 104 11111111111141. 3. 1311111173
44 11111 0. 3. 443. 3. 347 431 4. 337 41.
34. 107 3. 381831 4. 377 4. 410 7. 304701
’30 4. 43 8. 000 0. 331 10. 838 11. 407033
. 1. 370 403 830 13. 40 733 .
141. 7. 483 11111111 111111 0. 434 1110. 3. 484
10 1111141141. 4. 301 0. 708
10 G. 3. 140 1111111111 serro- 1119111111 41. 4. 444
. 13. 337 1111111111111110. 334
3. 03 compo· 11111 0. 743
13. 433 1111111111 patrea 8. 484
1. 3. 10 0111111111 11111 4. 774
. 44 0. 4.140 41. 11. 304 11111011ῂηί1 11. 417
. 134 111118. 004
1 11111111 111110111111 puella 1. 334 ox
7 41. 3. 44 4. 413 10. 43 longe 114111 edendi 0. 03 111 liguram
30 41. 7. 430 0. 403 11. 111111 Furia 13. 84
1111111111 ex 1111 11411 0. 1. 334
08 41. 11. 440 1111111111111111114111 41. 3. 708
. 443 concentuum 1. 147
430. 41. 4. 414 3. 30 1111111189111111111 11141111 3. 414 7. 483
1. 133 conectis 11111411 1. 174 omnihus 111111
30 7. 743
437 conecto· 1111118. 11 ·
. 371 0. 403 1111111111 1111111110 1. 114 iguem 3.
1. 434 3. 133 103 334 340 114 robur 3. 334 gluten 4. 40
13 7. 471 8. 331 11. 344 11111111111111111 nodum 41. 11. 774
collegerit 111111 4111111111 0. 3. 337
1. 48 'collegit 11 111 11111 411111 41. 13. 401
1. 1. 43 4. 27 40 0. 1. 177 collem 1. 433 8. 341
,4 400 41. 2. 10. 3. 300 111111 Ε. 0. 7 G. 3. 113 170 370 3. 444
1. 003 44. 3 433 4140 7. 700 8. 310 304
4. 34 ,11. 4. 474 408 11. 310 003
0. 343 11111411 Ε. 7. 48 0. 40 0. 3. 373 41.
4. 374 41. 0. 340 4. 387 7. 730
. 331 41. 1. 407 4. 400 4. colligat nox 1111111111. 0. 43
13 8. 7 colligere 11111 41. 4. 14
34 0. 738 euuigiu 11111 13111 1111101111 0. 1. 437
314 11 anguis iu npirnm 3. 144 11 111111
10 11. 400 1111141. 10. 4134141111 11. 071
3. 370 conis 7. 040
11. 840 eollo 8. 4. 40 0. 3. 304 41. 1. 048
00 710 3. 318 334 7033. 001 0. 700 7.
¹. 801 10. 413 443 341 8. 438 10. 134 11. 11 13. 3411

1. 343 {8²0 11111111 colludentium 11111 0. .

45

 

