111111111111111111118. 1.178

11111111111 11111181. 113
1111111111 agith 81. 10. 818

111118311138111118 nm
1111111 1111111111 Ae. 8. 338
111111111111711111111181111
1111111 coelo 11181111. 88

nequam spirent 111118. 811
aequati 11111117. 888

11111111 rostris 81. 8. 838111111887

1111111111011 001108. 100

11110 (3⁴⁰2. 818 1813118 Ae. 11. 38

aequom te coelo laudibus 11. 188 111111·
nus pugna 8118

nequet numerum cum 11118111. 187

nequi motwinus 8187 1111111 viri·

811,ρίιιι·. 18. 830

8111100117. 717

aequiparas vm magistrum E. 8. 18

nequis 1111ιί1 11 viribus 1110387110
Diis, nec 1111811 8. 808 ducibusque et
1111811 10. 131 11111811 111101 nen-
11811 0. 831 oeulis 1. 378. 8. 808 .
putilm 781 1111118118. 781 viribus

1111111111. 118

ᾛῗῧῆἓο· mm 11.

:effi ’kugg 88880871678180273828 ι
3. 188187 1818811.313111888
8. 113 881 8. 88 880 10. 833 888 1
113 plemma campa· 01. 308811 .
Ae. 8. 88 10. 181111ιί1 11110118.
780 3. 108 salis 111101· 3. 388 1

1111111,1111·1’18.1.8083.801883 ι
Ae. 1.17 118 188 188 3808118178 1
118 8187 880 388 378 103 888888 1
1. 810 888 881 8171 818 838 783 1
1111181311171337 388 8887.
1088888871811810103108 1
80888018878111111881ωιιρὲ,8.1
3188 Ae. 7. 738 18. 7181111111

1111181. 188

1111111111ᾈῦ 1. 818 3813 388170 ι.
811 33 188138 818 8. 718888
83113187887881888118. 88 1

1181181010110111111

 

