732 11101111

331 663 6. 31710 6. 633 762 7. 212 dolores, 11
8. 132 276 387 ll. 101 11071310. doloris ml
216 1112 630 617 11. 120 132 12. 671 dolorum 11
dixere G. 1. 221 ,16. 3. 603 6616 1. 01
dixerit E· 6. 00 dolo· G. 1,
dixerunt 1. 10. ,16. 6. 212 1. ml
diximus 3. 332 doluisti aq
666 E. 2. 66 :io 6. 1. 166 Ae. 1161 diluo (1.1
710 3. 268 312 336 362 1. 670 660 dolum Ε. 1
663 6. 161 2311 167 177 6. 166 231 dolus 2. dl
o77 e. 66 366 616611 16116667 domandae
666 11. 661 666166 eoo 11. 166 1. 111
661 780 domandis
dixisse 1. 637 3. 166 domandum
do 12. 333 domat
6666111336161616. 100 domam 11
docear 1661611666 dolero 1. 131 1011111 illul
docebo le causae 61 signo 6. 3. 11016 rm 111
16616611 ,16. 6. 760 proris odiorle 1011111111
66661. 116 e. 1616661166... 16111. 1
docebo 11. 316 6661111616
docemus nomon polriomque 11. 210 1101111111 111
dooere 1111 12. 111 dominabile
dorent indolescere (l. 2. 77 37 llll
doceri ne quarte ,16. 6. 611 1106111111,1
dores 111111 resonare E. 1. 5 dominnm
docel 610616 Ae. 6. 8911elom 1166ρί11111. domimum*
316 orbe 01
6161166166 Ae. 6. 202 dominarier
6661111166 16661 C modoeea Ae. 10. 226 (1011111111
docuere equitem 311666861161616. (1111111111. ,91
1. 336 16616. 600 6616161161
60061111. 6. 117617 111. 1. 716 6. 608 6016111011.
70116. 666 dominetur
1166661 G· 1. 110 dominos rr
Dodonaeo 16116116 Ae. 3. 166 10. 366
6616111111 3. 11 6611116616.
6616611111. 1. 13 6616111611
6616616. 733 domitore 1
dolentem 1. 303 6611161111
dolere 1. 131 domnii eqi
doli, 916112. 2013. 206 plor. G. 1. domito ⁰¹!
100 Ae. 1. 131 6661161· 6
06Ιί6166611 10. 606 7. 130
dolio 1. 677 2. 11 1621061. 126 3. 6616111116
303 11. 623 12. 26 6611616166
dolituri, 6 numquam dolituri 11. 732 6616116161
dolo 1. 683 2. 31 6. 312 11. 712 66611161 111
11616667. 661 domo 3. 1
Dolonis 12. 317 - 1113 666
Dolopum 2. 7 2011117116 domorum
6616111. 3. 102 167 Ae· 2. 6311673 362 12.
6. 172 6. 31 38³ 8. 220 601 3. 66 domos G«
10. 3116 607 12. 1221101 Ae 1.1ι
doloro 1. 300 6731. 1717. 201 11. 161 660 617
703 12. 111 603 631 706
dolorem 1. 213 2. 3 1113603 Mos 613
6161 0.12610.6111.16061612.116 omnem 'l

 

