1111111141. 2. 6834. 6004 8088
6808. 220. 7816116116 purpure!
11111111 6116 «16111111 6041118111
etro ademptum, 1161164111οά 68(

11111111616161111111616 1111Ιὺ 1
18 2813 24823. 4334 41448
111836. 2. 4011 4244884738
8. 288 300 824 8827 13 442 77
8. 411 2. 182 10. 418 447 483 w
11812 12. 83 173 310 (1111116116111
1164. 18811116161861111111111
ξ1111116828 16111161611111116 16111

ernineG 4. 423 481 Ae. 2. 883181
8486774. 38811846. (14072 ’18
130 8. 183 246 322 2. 482 10. 278
12. 113 038 quarto dr‘e, 6. 386 de·
61111.11.11·111·111111’11.110

ruminum, 1111611112. 173 1111111 totum
pererrat Aeneam ontis, 4 284

lmtnirG 1. 2012. 47111. 3. 6637.

111118. 1. 2”6 3113 3084273 3373024
Ar. 3. 182 4. 81. 7.0 ‘t

111116 G& 2. 478 11. 2. 288 3. 848 8.
728 .23

1661111118. 82 11.. 1. m 2Ι 380 3 t
887 4. 813 8. 270 484 2. 403 11

lunasque sequentes G. 1. 424 11

1116111111 peltis 18. 1. 404 11. 663 11

16611. 270

1661168. 631

166111181111611111]111161”1,8 3. 208 111

Lupercal 11 8. 343

116611611611618. 883 11

166111. 0. 84111 2. 3887. 688 11. lu

111ρί6111118.1(1 1 711

111611 611116111611. 487

11611161. ner 161 11. a. 1111. 116

’ luprrG 1. 384. 43 L

trpurF. 2 638 27

1116612833. 803. 0078188211.

3 837 Ae. 2. 8888811 811 L]

lurerrt 16111111 1111611111 deceperat F L
610 plurim· noete 1111111111 per nortem L
Ar. 0. 338 Lj

tutamina 6111616168. 4. 868

11111111611611616161611 1. 3118111111· L
tos ‹terepr'rg 11. 427 L

111111111116618. 2. 47111. 3. 64716 L
1164. 181 horrentia 11. 870 L

1111111111111161111,611111111161,(1.4.1.
1110 Phoebe! 1111161116 torm Aurora L
..tr 4611ιὶ611 armamenta, 8. L
681 11661661611116111 dier 6611111 L

Ι 71481661111111118 183 1 · L
tntrrbimrrr rgrrr Ε 11 711 L

 

