111811111111111111 885 ·'
11 111. 1. 1111111111. 1111118111.. 111. 11

1. 8881111. 12. 47 111 «111. Siculi· 111111ῑί1111 Ε. 2. 21 113181181181.
289 888 11.18111111111.111 1. 888 11111111 8. 898 11111 8. 7412
8 1884 84171148888881 Siculo. 1111111, 8. 418 8111111117. 289
74818 478 11. 29 8241 12. 11111111. 18 ’
1111171111,1111.11119 284 8111111111 lma G. 2. 819
11111111111111.8884.8222 1111111 E. 8. 87 8. 1. 2114 811 2. 842
141 111. 2118 11. 828 11111· Β. 1. 812 2. 8 488 ,8. 8. 248 8811
14 2. 88 881 844 8. 118 4. 428 818 8748891128 4. 81 822 489
12 881 889 18. 888 118 111· ’828 1124 878 8. 128 828 11. 888488
818 9. 8 1111111111111 841 788 888 9. 98 428 18. 181 198
. 824 111 111111 2. 824 4. 88 11. 888 12197
111,8111111111111111111111·1 cor· 111111111111118. 1. 888 21 4714. 88
1441181111111141111 1118 um· 81. 1. 288 8. 141 18. 178 11 879
8811 nic 1811111 11. 18411111· 1111111111 E ⁰· 48 82 8. 118 9. 29 8.
178 8. 1881111 1811111 8. 488 2. 427 81. 1. 87 187 2. 188222 8117
1. 11 sie 111111 ..1 iugem 1. 111 1. 1111.11.1.11111111111
87 1111111114. 14. 1111141114. 887 11. 87 188 12. 188 788
4· 888 8. 821 111 1118 1111111118. 18. 88 G· 1. 1 78 8. 824 Β.
1881 11111118 14 888 4118 2. 204 4. 888 12. 481
11118. 47 8. 18118 18. 821 &dem 1111111 8. 888
1111111· 9. 21121 11111111.11 1111111111 nedem 18. 8
128 8112 7. 488 11. 121 ng· sidereo clypeo 12. 187
dions ⁰. 8871114118. 884 1111· uideri· 4. 227
1. 11899. 288 voa· 1111111111 Sidicinaque 1111111111 81. 7. 727
1111 [1111111118. 4118 11. 784 sidona, 8114111 urhe Phoceu'eiso. 1. 874
lum. 111. 4211 1111111111 11111·- Sidonia, 111111. seu.. 1111111 1. 4811817
. 181111111111 12 189 11111 8288 11.11,111..1111,1.111
’111· 12. ²⁰⁰ 1111111111 121118 8111111111 1181111882 chlamydum 4.
11111 8. 8 187
118 7. 788 ’ 8111111111 11111178
111 1· 8411 8111111110 equo 8. 871
118. 892 8111111111 11111114. 888
11111 8. 418 1111111111111111111111 8. 2118
1111111. 111. 4 [1111111 8. 24 fi· 1111111 G. 1. 82 4. 284 811. 2. 700 7. 218
817 8. 4181 11. 2811
.181.. tenure 8. 1. 211111· sige· 11111 2. 812
181111 41 8. 1811, mu. sigeia 7. 894 ·
11111118. 788 sigua 1111118. 8. 4111111111Ιὶδὶ 1111111118.
:uine 1111111811. 9. 84 1. 228 8111111014488411811181111111·
1 1111111 8. 2. 42 luem 2. 471 movet 8. 288 1111811111
1111111118. 98 8. 4411111111 111111 8. 888 11111111 cl·
..1 11. a. 111 11... 1. 1111111111... 11. 1. 11111-
1111111111. 2. 888 11111111 11. 8811 11111111 decoris 8. 847
8. 2. 81 11114. 87111111 Aa. 111111 1111111 aigun 1181111111 11. 188 11·
118 8. 182 11111111 1111111111 111· 1111111111 8. 828 111111111111117.188
1. 888 1111111111 Parmos 7. ⁰⁰⁰ 111117. 828
1111151811418281111111 11. 488 sequuti 8112 1111111 11118111
ιι G· 8. 488 1111111 1111111 118· 111 1111111111 8. 222 sequentem 9. 894
8111 1111111111 111. 288 11111 grum 18. 288
1111111. 4. 1 11111111 111. 8111
. 4. 21 881 882 signam 1111 puer 11111111 8. 181
1182 signent 11111 regionem 111 11111111 8. 2.
Ι. 882 724 288 111 1111111 8111111111 Ae. 2. 428 111·
. 847 8. 474 111111 Ae. 8. 817
1. 882 11. 8, 877 1111111111111111111 2. 891
emt, 1111111111 1. 8811111.111111 111111111111111118. 1. 128

signari 111 oculis 11. 11. 8

 

