404400404400 074

4444444 4444444 444444 444444 E. 44444444 sugam 44444444444444444.14
40 cursum 4444 4444444 4. 40

44444 44ρὶςί 44. 4. 444 44 mim 4444444 mente· G. 4. 4

4444 viu 4. 440 444444 44444444 trin 44444444 444 4. 444
444, nou· jen.. 4444444 mci· 4444 444 fiduci· 444444 generis ,44. 4. 444
4. 444 444 4444. 4, neustr. 4444.. secundun 4444444 locun 4. 444 44444
{nm '¹3⁸ 44. 4. 474 tenuit vestigia 444 impono 44 4444
44 44444444 brem G. 4. 4444444144 4444, cadem, 4. 444 quem 444 tonuit
. 4. 4444 440 1444 444444 amnemamnem 4. 444 “
444 onai· G. 4. 444 m· vivendi 44444444 40. 444 .
44444 444 44 nebi! 4444444· 4. 447 tenus G. 4. 44 444744 4. 444 4. 404

4444 444444 4 344 4. 407 4. 04 40. 440 444

444 amictu 4444444 4. 444 tenebat 44444 humus 4. 444

r· ’4444444 4444444 B. 4. 44 fluvios tepefacta, nom. sem, 444444. 44444444
4. 77 44444444 44. 4. 44 penitus {rajoelo oerebro 4444444 4. 444. new.
4444 44444444 4. 44 auxilinm 4. 444 plur ‚ flumin· 44444 4444444444 G. 4.
m 444444 4. 444 animun precan- 444 ·
,1444444 4. 444 444 mnu juvenum tepora· 444 humor 4444444 in 4444444 G· 4.
mn 4. 444 viu ignotas 4. 444 308

ἰ4444444 44. 447 44444 prim beni tepefactus 44444 4. 444

rieul· 44. 404 «usi 44444444 44. 401 tepescit ferrum iu 4414444 44. 0. 704
44444 44 404 tepidi 44444ιί G. 4. 444

444444 upon 40. 47 tepido humore 4. 447 44444 44. 4. 44
di 44444 patrina 44 744 aggero 444444 44. 444

4 444 G. 4. 444 oves ubios 4. 444 tepidum 44144 G. 4. 4444444444 44. 4.
*mrim 444444 mimo· 44. 4. 744 444 caede 144444 4. 444

quiequam 4444444 um 8. 444 vn· tepidumque eruut 4. 400 .
4 44. 440 quoe 444 44444444444414444 444, »agonio«. Ε. 4. 74 G· 4. 444 4. 444
. 744 444441 in 444444 44. 444 44. 4. 174 4. 444 7. 444 40. 474
4444 pede· lugeo· G. 4. 44 terque 4444444444 G. 2. 400 44. 4. 04
turum 444444 44. 4. 404 4. 444 44. 444

444 fugem curun 44. 444 444 444 quator G. 4. 444 .

44 4444 44. 044 444. 44414444. 44. 4. 440 4. 444 44. 444
4 itu· 4. 47 444. G. 4. 444 4. 444 44. 4. 447 4 704,

444 nimi 444444 44144 4. 474 4. 444 4. 4004. 744 4 440 40. 044
m 444. 0 4. 444 444 ιι. 444

ιι nebulam 4. 447 44444041 44 toral 44444· manum G. 4 444

400 in 444444 44. 4. 4744 044 ter 4444444 4, 44 44. 4, 4704. 4447.
441 7. 444 umbram 40. 440 474 4. 740 4. 470 40 444
44474444 4444444444494444, 4, 44 444 deum ,44 4. 47 40. 444 .
u 444444 mom? 444 rates pehgm Ten-unque, ace. 4444. propr. m'n' pro, ·
4 sm avoni 4. 444 Tereum, yram more. 44. 474
44. 4444.. 41444444 4. 04 umbrae terebamus 444444 4. 444
mace, 4444444444 4..74 vu· 44444444 44444444 uteri 4. 44

4 4. 477 tunica· 4. 74 aqua· 4. 4144 4444444444 Orici! 40 440

440 in 44444 4. 400 44. 4740404 74444 444 70

mim 44. 444 ’44007404 m 4. 4444) [erm im formica G. 4. ³80

444 4. 444 14444 7. 44 44444 4444 culmos 4. 444

im 4 Ε. 4. 4444444404 4. 4 444 0 teretes 4444444 44. 4407444447. 740 ,

. 4. 48 2. 28⁹ 44444400 3. 444444 40· 404044 044444 Β. 8 14 gemma ,4ιὸ ³¹8
4444444 4. 4 auro 44. 4. 404 44. mut-rose 7. 4044444444 4. 44444444,
t minem 4. 4004444τὶ444 40. 444 44 4. 470

inveneras». 4. 34444 4. 444 :pm- tergo, de 44044, G· 4. 47 ,4. ’444 444
4444 4. 44 arboribus, 4. 474, deser 40444, 4.
44 1434444 04 amma, 44444444, 4. 447 44. 4. 444 440 474 . 47. de
44 44Ιί4444 4. 4444 444 gloria 4. 4 444444.6 4. 44 4. 44 44. tm 4.
44444 44. 4. 444 4444 saman 7444 407 4044 444 4447 440. 704 44.
Mo 4. 44 441444 44. 444 444 7444444444, 4. 47 44. 44 440

 

