1001001011111 817

381111. 10. 711 111111011111111111 110111, mma, 0. 1.
Β. 10. 11 107 1011111101· Β. 3. 07

11 11110. 1. 330 111111111111111111 1111111 111111, 111-
10. 10. 111 9111. 3. 330
11131113.711111111111113101 1111111 ww 111111 0.1.110 wei 1111·
1111 G. ⁴. 317 re 11. 0. 311

{o regi 10. 3. 11 1111111111 1111111111 1. 010 rore 11111111 3.
0. 313 331 331

1 111111. 1. 11 3111110111 1111111111 11111111 crine· 11. 100
7111111711 1111111111, emina, 0. 1. 011

inqu& 1111111111 1. 11 ωὲεἷοιυθω robora guiguo& 1. 107

. 1111 111 ungunta .

⁴. 133 11. 110 udi& 111113. 1701. 330

1 1. Ι103 1. 11 1111111111 duplici 3. 131

1111111111 1111111 surm 111111, 111ε11111,1.7111111’11 monum, E. 10. 33
ι 1. 11110111 1111111111111111 11. 1. 11 11 31 3111
11131111Ὕ1113111Ἤ13113111 1113111117. 11 11. 11 =
1 0- 3.·111 11111111 11111111. 1. 111 genten 11·
nocuum 11317· mo 10. 111

111. nom. m'n', 11. 170 1111111111 juventus 1. 100

si 11. 317 numme 11. 730

111 Ama 10. Μ asconii 01111110. 1. 110

1111111151 Ae 1. 311
u 11111111. 111 .
Ι 11111011 111110. 3. 111 uun· 11. 1.
hum E. 1. w) nmis 1. 113 1. 131

11, 1111. r. 111111. 113 nge 11111111111111111,11η1’1,10.111.
1 111 1111111 brienus 1. 11 111111. magicas 11111 1. 103
11111111 nuto· 2 137 1111111111- 1111011111. 1. 11
81 1115111111 1113110. 1. 113 11. 1. 301.
0. 3. 111 11. 3. 310 11. 131
0. 3. 003 mgis 11 nugis 10. 103 quo 1111311 0.
m unru- 1.. 1. 11 “ 1. 111 11. 1. 1111. 11 1. 111
1111111111 11 11111. 1011111111 mgis 11118110. 1. 3111111111 mogi· ⁴.
1111 7. 03 . , 1. 111 111111 mgis 11. 1. 71 111 111·
is ovem 0. 1. 313 gin 3. 011111 mgis 1. 71711111 111·
1111111111 11. 1. 37 juvem 1. 1117. ’113 ⁹ ,

magister, 11111, 1. 1103. 171 111111, 11·
1111111111 11111 noeti 11. m 11111111 Biyt 3. 101
1111111111. 11 augiam 11111. 111 11. m
prodigi« 01111111. 111 magistratusque legunt 1. 130
11111111, 1. 33 Mum 1. 111 magistri 0. 1. 111111 113 110 1. 111
ramim& {mennaha 1. affligi} 3311117311. 311 pastun,
2⁸·- ¹2* *Μ’ 111111 11111 1111
11111111 auito· 1111 Β. 1. 111. mim 1. 111011111111,11111,0.170
naht 1111111 11111111 usam ovina 11. 1. 13111111 Β. 0.
1 . 1.131 1 1
nt 1111111 1111 Β. 1. 10 nogium 1. 1. 11
11 tuum 111111 111111110131 111311, non. m, 1111111 ,0. 1. 111
0. 1. 111 1. 31 131 1. 01 fl. quemn 3. 11111 11111111 1. 131
131111010 1111111111111111.1.101113111·
111-1111110111 1. 111,- · 1111 1. 111 adfingo 1. 111 11101·

 

