1111111011111 ,6,

10. 110 11. 010 sagius 1. 1111111111111111111 0110 consurgunt
010 1111111110. 7001111111 11. 711111 0. 100
11111110. 0. 018 11111111. 1. 0111111111

111111011111111 11. 001 0. 1. 080 1111111 111. 1001181111.

ervo 0. 001 sigini ¹1. 001 1001111Ιί 1. 011 1111111111111111110. .

11...1.1111.000111111..110.011 001 1111111 1111111 11. 101
1110111111 alque 1111111111 herbae, equus,
11111. 11101111111111110070, 0. 0. 100 Ι
ι 1131111117. 001 ’ 1111111111 quibus, 111. 1111 11111101. 11
pull E. 0. 17 1111111 11111 1. 10010 0101 11118110.
Ι1111111 0. 0. 0001111 1. 171 1711 11111111, 1111 studium 111. 11.
1110 [1111111111111110. 1. 010 700 111 studium alque 111111 agruim
1111 Ae. 1. 101 1111111 ll· G. 0. 100
Μωο101ω
110. 1. 000 nup· Ae. 0. 081
o 1. 1611111111 11. 1. 080 stupu, 11111. ἐκ, 1111111110. 011 11111.
11111111. 01 111. 110111110. 11111.Ᾱ 111 1161111011 0. 1. 0001111·
1111 1. 1. 10
1. 100 11. 0. 00 111 111111111111 11111111111111111.
1. 1100 11. 000 . 00
0. 1. 10011. 11. 000 1111111111 111111 111. 0. 010
1111 11. 107 111111111111111111111111111 E. 8. 0
1111. 110111111111111111111 111111111110. i. 000 11). 7. 110
1 0. 110 11111110. 1. 000 AE. 1. 101 1. 01 007
imula 11111110. 100 ll. 100 7. 001 101 110 110
111, 1111 brachi· 1111110- 1. stupor 111111 oculos 0. 0. 010
11111111 111111 11111111. 181
ripn, Mem, 0. 00 Stygia, 111. cymi· 1. 000 1110. 0. 000
eorpus. 1111, 10. 001 111110. 000 11. 01 11111110. 001
11111110. 1. 0001111111 11. Stygiaque 1111111111 0. 010 000
8113111 oquin 0. 071 undu 7. 771
1110111111110. 1. 01711111 simii, 91111. 11....11111111111. 101 10.
068 ,11011111111111111111111111 11. 010
111111 11. 0. 01 gladios 11111· plur. 11111, 11111 8. 100
11. 170 Stygii· 11111111 0. 0. 001 undis AE. 0.
1111111111 Themillae 01. 1. 11011117. 170
0111111 1111 1. 0000110 1. 00011810.
imum [111111 piculi· 1111111οο. 100 ·
1111111111 01111 10. 170 8113111111... 0. 101111110. 101
111111111111. 111. 0. 110 81110. 1.. 111 1. 100 AE. 0. 100
,1111110100 1111,1111,111111,1111111,1111,111,
l 111111 1111111010. 10 1111, 111, 11111111, 1111, 1111,111111,
111. plur„ 1111111 0. 011111· panim.
11 mla, 1111111111 ime· 10. 0170
111 1. 700 aciem 0. 11 1111111111 inire 11111111 Ε. 1. 00
1 1111 diuisioni· 0. 01 suadebo incendere 1111111 0.1. 101
ic ipsum 1111111111 1. 00 ...1111111111101111 1111111 AE· 1. 0
l 0101111 ι· 2⁷¹ ¹¹· τω ⁴· ⁸¹
Ι 11111171. 100 nudat 1113111110111 patrii 1. 00111.
11110 1101111111. 101 11110. 0101071111111111111111111.
1111, 1111 119111, 1. 000 101
gnie· 0. 1.11011.10.100 1111111111 0111 peleto 1110111 0. 000
1311111 11. 000 1111 1111111111 111111 suturam 11. 011
..01100011 ll· ⁴¹⁴ .ι 111 111 iiiiii...
,11. 1. 00 denium 11110. 007
1111111111 0. 1001111111 11. 11111111111 1111111111. li„ 0. 00 11.
.1111111111111111111110.111 01111 1111111 1. 11

 

