10040040141114 090

1444444 dedit 44004 neptem 4441444444 ruptis 4044441044 4444444444 G.
’.040 44444 44 viu 444. 4. 474 Cytorum buxo 0. 437 140140 114-
444413444 4. 404 meua 444 14444 4. 2⁸ 441440 pulvere 40444444 41. *4.
40 excidia 444ῑί4 superque 000
3. 040 44144444444440014444 undante& 1441444440 40. 474
collectis 0444011444 3. 743 undantia 1044 0. 440 4440444 04444414 0.
440 aliu virgo 414. 3. 304 040
lellus 4. 447 suumin· 4. undantique 440040 40. 000
mnibus 0. 040, 440440 ‚ ,4444144414 aheni 7. 403 ’
wgo sepmu 44004 0. 703 44444444 E. 0. 00 G. 4. 000 440 4. 033
,4000044414 40. 400 anim 300 Ae. 4. 404 2. 007 0. 413 300 4. .
”nmina 444444 40. 000 033 0000 400 000 0. 000 7. 320
14040. 07 conjux 40370 ’773 0. 030 40. 700 44. ,400 40. 004
ΜΝ· 0
44444 pamm. 047 000
wihus, manaym, 444. unde. panin-
4, 4. 447 44004044 4007 unde genu! 440. 4. mm 5. 403 000
740 4444444444, Projam , 4404 0. 700 0, 74
4 4. 4401444440. venen, undecimo, 41404 4144444444ωο lum me J'nm
rginibu· 404414 44. 033 ex ceperat 4444444, duodecima, E. 0. 30
ecam 44. 4400 40 cunetis undique, passim.
0. 443 4444440001444440 undio 0. 0. 00 G. 4. 44 0. 000 4. 000
01444440.000444444404’40· 400 04. 4. 404 400 404 307 440 000
mittit 414 44444040 Jupiter 4. 000 000 440 447 307 4100 4. 000
0. 404 403 000 700 000 0 330 304
vm 44 . 7. 444 444 4444 444 0. 44 44 444 ,
s 7. 330 047 40. 40 400 007 0314 300 44. 000
. 004 40. 700 003
40· 047 · undosum Plemmyrium 4. 003 sequor 4.
444444 G. 4. 40 vomeris 343
“ ungere 4414 mauu 0. 773
3· ⁸1, 300 40. 0. 300 ΡΘ· unge cubilia limo , 444 afflue, G. 4. 40
0. 0000. 004 44. 703 unguem, in unguem , 444ιῖ4444, 0. 077
’ unguibus 3. 033 ,44. 4. 043 3. 3010.
1. 403 morsu 4111444444- 003 44. 00 700 40. 030 074
444 unguine G. 4. 440 ·
m. . 4441444 4. 300 abies ungula 3. 00 410. 0400 um 40. 330
4 G. 0. 304 ungunt corpu! 04. 0. m
1· 300 ³· 040 440 004 uui 444410441μο 4. 40 omnibu· 440. 40.
40 400 3. 403 0. 44 0· 004·
10. 040004 307 14410 abt. 44444444 4. 40 000 0. 434
33410. 4. 434 3. ’.400 4444υά44444 igni 13. 0. 04 40 cespite
0. 107 0. 474 000307 G. 4., 073 4140140 comitanus Ε. 4. 340
7. 700 0. 07 000 44. in obtutu 4. 400 414 crimino 41. 00
0404444444414404414 2. 102 0404440
nammis, 444. 44. 073 4141441140. 074 4404 4044404440 3. 344 40
44]. 4. 444 4. 440 4. unguine 4.·444 oro 44. 444 mm ·
. 000 . 4044340444 4404 403044
40. 4. 400 0000. 404 4444414440,μο’044
:v AE. 7. 430 430 41. 440044(14)004444441044444444344 0704044·
lutus 44. 0. 370 coit mnuusomuis 0.
m G. 0. 400 004 ω14ω4104441444440.44044140044· ·
emend 4. 300 4400 Β. 4444 sun 44 virtus 44. 744
0830 300 0. 444 0. 04 unum, (44) uuum genus G. ². 04 non
44. 347 ‘enm 0444414444 444444 444. 40. 004

 

