vix, panim·

vium, Ι. 1111 17111

111111111110181110110
8. 180 8. 337 820 11. 231 11.
830111 huden 1. 1281. 178

tint, m, vixi-nn 11. 118

11ιί 1. 833

1111111110. 882

1111181118. 3·. 131

ulcisci patriam 18. 2. 378

ulciscimur 1111111 sociorum 3. 138

uligine 8. 1. 181

181. 11111 , 111111, ulli, 1181, 11111
passim.

11111ιὶ111 ,11. 2. 132 voees 1. 130

11Ιί1111. 11. 331

1111 G. 2. 203 ,11. 8. 878 8. 81

1111111. 3. 323

18118. 1. 301

ulmi 2. 111

1111ἰ11.22.187283

ulmo E. 1. 38 2. 70 10. 17 8. 2. 330

ulmus E. 3. 3 G· 2. 221381 387 3. 378
1. 111

ulmus 1. 178 Ae. 1. 283

ulnas E. 3. 103 8. 1. 331

1111 virum ,11. 1. 838

ulterius ripae amore 8. 311

ulterius 12. 808838

ultima. nom. 111,,111118. 1. 11111
vitae 1. 33711111 8. 1. 30 11111.
2. 8887711111 12. 338111111111.. ι
11111112. 118 jussa 1. 837 aequum 1
3. 218 1811183171111111 3. 317 1
11118. 178 8111118. 887

ultimus sonus G. 3. 121 dies :E 2. 218 ·
1. 7381801111 locus est 1. 181 m
11181· sanguinis 7. 18 labor 11. 178

ullor 1. 823 8. 281 10. 801 11. 280

ultorem promisi 2. 01

1111118118 8. 818 .

ultr& 11111111 landari! E. 7. 27 viros um
Ε. 8. 111, 1111111811. 3. 1808. um
808 8. 782 10. 883 11. 111 um

ultricem saginam 11. 300 ·

ultrices 1111111. 173 0101111110. m '

1187118111111 2. 387 Un

ultrix Tisiphone 8. 370 11

ultr& E. 3. 88 8. 32 8. 1. 201283 330 ι
AE. 2. 88213183 278 372 3. 133 ι
1. 301 8. 33 118 8. 387 188 7. 238 um
8. 811 8. 7127 878 728 10. 278 282 un]
312 008 830 11. 278 171 12 3. 613 uba

1111118111 8. 811 ι

11112. 133 0. 118 ;

ulvamque G. 3. 173 4

ululae 1111111 cycnis Ε. 8. 33

 

