metune. 1. 19893. 7. 987

mnaso. 3. 313 33. 3. 33331
11. 999

mamm. 333 31

3333333 ’31 11 199 19.

6333533311 1. 199 Ae. 1 999191

33333333ιί9. 9911 '¹¹

assurgentis 19797 ‘d

3333353333. 3 333 “¹

33333513931999 ³⁴

3133351111. 1. 989. 999

margone 3. 33 33 333

33333333319. 9. 97

9333313 3333333 (1.1. 999 '¹

9133131 11. 9- 19 '¹

331 , 33333133. '¹

9313393111 7. 181 ’ ¹

33131331 9. 978 11. 99 ³¹

3313331. 9111

331331 1. 199 9. 977 11. 199 ’·”

3313331333 19. Β

33133133 9. 977 '⁴

331331113339. 9. 919 9

ultro 939. 119199

331317. 71 ·

33111119. 9. 919 Ae. 1. 9999 1999
791919917

manaem. 197

9931333939. 1892 33131. 999

33133133 9. 199111.1.131.13.1.991
9. 9198 997 9. 991 919 999 9. 791
7. 99 171 9. 79 991 11. 999

3313135119. 1. 91

11311 1. 999 9. 199 Ae. 1191 9. 911
999 8. 99

ulto G. 1. 119

utrorum Ae. 9. 999 9. 9999. 999

3313333311. 9. 97

1339319921. 11799

9313319. 19923331313 791

33313338 991

31,3η33,μ333’33,331133113331193133

313319371731313311799

313 3311. 919

3133 G. 9. 191 991 Ae. 1. 9191. 171
9999399979999. 99911991

Annum 2. 191

Athesin 9. 999

Atho 9. 1. 991

31133333. 11. 791 · “

9113133 7. 990 --

Aaou 11. mo 11. 991

Ammon ''

A 331193 9. 199

Atlantida G. 1. 111

9113313. 1. 7191. 191113 7999199191

 

