11111111110111111 171

0. turha. G· 1. 111 meditando 0000 0010010001 0010011- 1.111
1, manu 10. 10. 101 0000110010 Phoebo Ε. 1. 11 ·
000111 11111 00οι1110010ιο predi· 100000 10. 10. 111
0001100 11. 1. 111 · 0011100100101001 00110 00001οΕ 110
000100 1. 101 0001110010000000100001 E. 1. 1
0011010100 10. 7. 710 10010010 1000 peston 1000110010000000
00011. 1. 111- G. 1. 111
0111001. 11 frugibus 10. 1. medium: 01100000000010. 1. 171
moditor 000000, 010. 1. 171
0000001τί 1000010 E. 1010 medinm 100001. 1. 1110. 7. 110 11.
10110 10. 7 771 11110 medium G. 1117111117
011. 1. 1110011110 0.111 1. 10. 101 orbem· G. 1. 100 1. 111
. 70100000 11. 001 10. 1. 11101 medium 011000 convena
0110011. 10, 1110000100. 01010010 G. 1. 1010010 00οι0 1. 111
1000001100 1. 111 0001110001. 00001001 Ae. 1. 0110301001. 101110.
1001110010. 1. 111. Achivi· 1101001001101 poe nequer 1. 111
0 minibus 1. 101 11. 111 10- vernonem 1. 1111100 1.100 1010 eum
11000001011111000- 0111111001100000001 111 00011000
111 10 [0001001100 1. 101 1. 111 1000010101 turin 1. 107 0001·
001. 110 10 00111100 1. 111 100100017.11100100οι 000111 071οι
001110000001101. 11110 gine 0001 000 10. 11 3⁰⁰⁰ 100001
10110 001101110 10101 10. 117 1000000 11. 11 per 000·
› 117 10 0001110 regma 1. 000 0100,0000’, 10111 10 :equor 10.
0111ἱο1· 1111111111. 121..“ἱ“1’.’.“11““.1“.1.1111111.;
01 000010 11, 111 000101011. 11. 111000 ignem 11717 [00100000
0000110011. 010 · 11. m
0011011 1. 1011 111118 0000110010. 1. 71 10. 170101 11111
0 1. 1110.1111.1010.171 00001111 0000010 G. 1. 1110000 10100 ·
101 10 111 00010 G. 1. 101 000111000010. 1. 1110000000οοιοοο-
1. 101 10. 1. 111 10. 111 011 1. 111 prorumpit 10 hom 7. 111
1. 110 100001100 1 71 pon- 1101001011. 111
7 10.1.1010000001ἰ.1.111 Medorum 0110ιο (ἶ. 1. 111
0, 0000110101. 111 10 opero 0000101100 10. 1. 111. 110
00051101111110. 1 11010 00001000. ³. 171
100 10110010 1. 11110000· 1101001111
. 17 11. 1110000101110· 11030000070010000010. 11. 111
10 00011 000100 1 11710 nn· 11030001ιί000 1. 1110
11 coeli 1. 1110000000010. 1101001000 G· 1. 11010. 1⁰. ³2⁰
1. 117 lapsu 1. 111 10 01000 1101110001 111
00 huto 1. 111 lentus 00017. Meliboea B. 1111111717. 11
0110 1001100 1. 111 incrimine 1101110001 11. 1. 1117 101101
177 curriculo 00011011. 107 1101100οι00 G. 1. 117
1.1000.1171011.71110 001100100ιο 0000, dies, ¹· 111000
0 ⁸. 7000000010.11010000· 00000,110 sennenn· 101. ³5jn·
010 1000011011. 111 fugae 0010100001111.11000000000000100
10 01000000 11. 1111101010 1. 111 00000101 111 pedum 000101.
110 pm 0010 «11010. 111 1000110000
1006. 1. 101 pet 1110110110. 0011100111. 111 001010 111. 711Ι bugu!
101 1. 171 10. 11 10 0001100 11. 111 im melior 001111 Dm, 111·
1. 111110. 171 1711 11. 110 1100, 11. 170 0101101 11. 111
001001. 177 0. 100 111 per 01011000 000010 (2. 1. 111 1011117110·
111 11. 177 110 10 Achivos 0000,1. 111 00000000 Ao. ³· ¹⁸⁰
00ου0100001 000 1. 71110 sequentur 00100000 11. 111
01 711 por 1500070011 in- meliorem 00100000 1. 111 Ι
10 11110 igne· 11. 10110· melioribus 00001οἰ10 1101101000 10101. -
. 107 111 00010 0011 1. 110
nundine 100000 Ε. 1. 1 Ι000110οΙ011Ιο 10110 G. 1. 11

 

