00661161011061 1601

1 610 Aa. 7. 111 6110. 17163 10. volaret ξ1116161163661ῆ. 808
. 186 618 611667 11. 781 11 686 volatu 6111. 1. 30111116. 1671111.
’ 1661 vocat 6. ¹. ³88Ae. ¹. 681 6. 16661,1.1011111 6166916111, 11.
60610. 873 11. 183 638 1.301116116.111 1. 181 6. 661
rouen 16. ¹. 376 710 1. 1106116 ·6611611“1,1.166, 016111, 6. 811
167 618 1. 360 668 611 6. 1106 Eur 6161, 6. 338 661-16 6111661611
1017. 611610 6. 166 117 8. 311 6. 10 vapor 16 aum 7. 1661116
66016. 118 2¹. 7¹¹⁸ ¹¹. 61 ¹¹12 661161μ6.1161111116110.608
886 010 1111666, 11710616, rmus, 11.
1611616161161 in regnan. 311 ¹¹¹0, 1611616, 10. 180 per 1161111
10106116 116116611661111166116. 1.617 sago· 11. 600 hasta 11. 013
16111,111·6.,16 quacumque 16661 11111, 11111116 11116611. 71 8. 601
arbores, G· 2. 61 16166661 Ε. 7. 10
voees 161111, 1. 111. 78. 1. 113 1. 8 1666611. 1. 660
880768 8. 6661. 130 166 6100 16161611,ρφί1,6. 1. 88
188 718 6. 11 176 680 7. 00 8. 70 volens ,16. 167 6116 10. 67711666
10. 811 11. 677 631 810 11. 318 611 volent 6. 76 86
nidera ineunt 1666161 6. 61 volente 1. 307
161118. 311011. 111 710 161116 1611611616. 1. 601 'Aa 1. 700 6. 711
1116613. 166 pugna 11. 116 8. 133 11. 103
voci ¹. 681 11. 161 1611161616. 3. 110 1. 661 Aa. 11176

16116611. 68 676 8. 611 1. 301117 1611661 qum 1611 166116 161611 161, ,

6. 708 6. 100 7. 1100. 88 11. 171 111. G. 1. 600

730 1611611661 animi· 16. 7. 116
161111116186707. 800 0. 60610. 661 161ἐ11616161166611616 161Ιί11 061111 11.
vocisque 6116611 11116111 imago 6. 1.10 volitans 111161 6.8. 117 snm 61. 7.
16111116. 8. 0601.6107.68111.818 1610. 173 16166 7. 678 106116.
voco Pergamum gentem 6. 133 166161· 666, Turnus, 11. 818

que fluviosque 11. 181 volitant, 1116161 , 6. 310 116-16111 11.
166ι6761οἒξ61ἐ1666161661666766 lueu¹ 16ἐῐ166111116161 3. 160 1161111111.

1666111 .
16116116111161611.166 - 1611111611666116. 1. 668 per 61111-
16116161 ,16661111 16686111111161 11. 6. 666 11111
161166661661166. 100 1161616666103636111 166111 6·
161161 611156 1111610.1.11ρ11 1611- 6111 10. 611

11, qm, 3. 1016616611 16η w· volitaverit 11111 Philomela E· ¹3⁸¹

cundo 11. 1. 160 fertur 161116 6. volu do gente 61161111 Ae. 7. 808

116 in 616111 16311, avie, 6. 611 a· 06111661 0. 376 116

11661. 616. 8611111,6.861 66111 0611616160. 370130 10. 663

0. 111 10. 1166176777 11. 376 ima· 0011166116 AE. 0. 160 161

go 16. 661 1116111. 130 aquila ¹¹. Volscorum ¹¹. 167 131163 108 808

761161161161111111 11. 117 muru Volscosque 6. 1. 168

Iuturna, 11. 178 volvantur 66616166 66. 1. 671
161161 iucem 11166616. 1. 16316611 volubile bunun 7. 681

111111116111161110. 68011166, 16116166111161661 1. 311 6616616116 6.

11. 381 1611, 11. 8811111110 11111 188 saginum ¹¹. 868

11. 666 volucres, 16611, 6. 1.1708.’1181.
1611166161 16161111 66. 6. 110111· 11 Ε. 3. 111 161 1. 6107. 33 11.

11116 11. 370 161 , cdjeee. 11616, saginae 11. 116,
16116111. nom, 1616661116. 6. 161 611.. 166116.1,117 16111 ,11. 6.

volnera 6. 130, 611.. stipula 6. 1. 603 11. 706 roms 7. 133

311 61111616. 181 16111. 16 16111111 somno 1. 7016. 701 sagina 6.

1611661 1111111111. 6. 618 111 1616611166 6. 311 curru 10. 110 .

volantum 11116, antium, 6. 718 volucrum 3. 361 7.1 706 8. 136166,

1611111111 661611 6. 1. 116 13611111 Impurum, 3. 116
11111 11. 11. 606 volvebam 1111 0. 611

 

