00 11011
8. pulvere 2. 2731110103. 032 antro a

8. 207 cerebro 10. 110 Δ
01000100113000111. 171 Eum. 12. munh.
380 eu

0100010100001. 170 7. 001
eruor G. 1. 180 1. 280 Ama. 13 8. 100 0111111
9. 131 10. 728 11. 010 721 12. 310 ΙΙ
0100101. 2010010. 333 0. 333 10. 011101
008 ’ “ 00111,
0111010111 0. 3. 010 1. 012 ,10. 3003 0. “ 11
109 0. 218 10. 310 11. 001 1111111
01001001. 087 tq
crurvG. 2. 8 3. 7111.181.10.11.039 00111
mrum G. 3. 03 132 Ae. 11. 777 cult·
0110110, 0091001110, G. 300 . u
0100ιὶ orbem violare mauu ,10. 7. 110 11
0101100011 populi 7. 031 etim

- 0101111000 pyus 0. 2. 83 Ι.

while 1. 117 Ae. 3. 321 1. 080018 8. 18
112 9. 100 710 12. 113 111
cubili E. 1. 03 G. 3. 230 301
cubilia 1. 183 1. 10 213 ,10. 0. 271 1
0001Ιί11010. 1. 111
0011010. 1. 000
0110011110 G. 1. 122 ·
0110111011 tremor per 000 ,10. 2. 120 0.
11 stella 1000010 lapsa 2. 0010110010,
chlamydem purpura 3. 201 per 0100
00101· 8. 300 per ora fremor 11. 2011 007
μ om rubor 12. 00 331
011 passim, 0011 nullo peculiari 00000. 071
0111001111 G. 1. 117 Ae· 7. 002 10. 712 111
mique 0 2. 177 a. 1001.. 11. 1001. 81
007 9. 170 180 10 107 111 107 801
cujum 11000111. 3. 1 0. 117 010
0qu 10. 110. 1. 3011371.. 0. 001 m
7. 137 8. 011 11. 317 000 071
culmen tugurii E. 1. 00 213
culmi 00100Ιὶ0 G. 2. 017 108
001101010111100 Ε. 1. 83 3010110111 10. 070
2110178 100112. 000 homiuum, 007
&grum 1. 071 penam aequa 101011. 100
culmine 0. 1. 10210. 8. 100 delubri 2. 300
11010011 1.’180 stabul· 7. 012 ruit 710
0101 culmino ija 2. 200 demitque 0010, .
1 culmine Trojam 2. 003 10 “
culminibus 1. 102 0. 103 12. 803 2. 2
culminis fastigia 2. 108 01 1
culmo 0. 1. 317 Ae. 8. 001 100
¹ 001001 0. 100 102 077
culmum 1. 321-0011010 1. 111 “ 0. 7
0111010009. 10. 1. 10 12. 018 330
00100100. 2. 3801001101. 172 0111-
{aa ferro compesce. morbum, 0. 3. 212
culpatus 20110 10. 2. 002
0010001111 11. 1. 71 nitentia 0. 1. 103 , 12 1

 

