4444044401 ' 957

, sim 4144, affice.. 4. 4. 44 Ao. 4. 444 4.
nomm? ι4948144 444 44434941914044498 ⁴⁸⁸ ¹¹‘ ’ω
14444444 reni· 444441. 404 44144 te 4444 4444444 444. 4. 704 4444441.
lietu· {gun 44. 10. 411 tulos 10. 111
[mut 4044141444 prim 4444 voluptas 10104 Ε. 1. 4 4- 04 107 4. 4. 4. 4. 417
ἶ. 4. 141 44 eura 44414414. 4. 440 14. 1. 444 4. 114114 470444441
mammem ..11111 :axx-..m 1
inito 4444 4. 444 44 444 444, moe, 4. 114
initu· 444Ιί mom 4. 10. 4 uoluti 444444 vinoque 14. 4. 144
mun mre G. 4141 4414144 4444 exsequiis 7. 4
14144044444444 14. 7. 41 441414ιί44 G. 1. 444
n, 44444.. 41. 4. 44 4. 1. 44144 4. 1014144444441444. 1. 400 crine· 14. 11.
117 14. 1. 444 1. 174 1. 17 4414. 170 ,
77 4. 441 4. 141 4407. 140 4. 44 4414444 mmm in 44444444 4. 4. 144
’4 10101 140 747 11, 444 444 ¹107 solvuntur 4444ἰί nem 444. 4. 414 444
1. 440447 444 44444444414444114 444444. juvencam, 4. 414 4444444
ulain· ponam 14 444 444 uem 44144444 4. 4. 4014444444 ·
4, adstet, in litorea. 4. 444 Vol· 4444 4 44. 1. 44 11. 441
unt· 44. 7. 444 mni 444444 4. 1. 441 44441441. 47044·
:nn 44444444 11. 444 - 44444414. 4. 440 444 nonnique, 41.·
a 4444444 4. 144 41 noea), 4. 1. 104
14444 (4. 1. 100 Somni 4444 genium potue Αὸ. 4. 444
naim poam 4444444444 Ε. 7. 47 4444444 Ε. 4. 104 Ae. 4. 440 4. 144 10.
444 44 amanen 44. 4. 470 444441 441
4 7444444 11. 104 ’ somniferi, 17444.. ctum· 7. 744
n 14444 4. 4. 44 netu E. 1. 447 tonnis in pto 44 somnii· 1. 447 1. 170
5. 410 4. 40 4. 444 4. 444 444 447
14444 von 14. 11. 4 somno E. 4. 14 7. 44 4. 1. 744. 414
’144444τωί4444 444444 Ε. 4. 144044 G. 44. 1. 4744441. 144 401 744 4.
1. 444 144 417 4714. 410 701 4. 444114
Ι4444 44144 444444 4. 1. 441 4144444 140414
bat-inm· 114. 4. 447 boden 44444 somnos 4. 4. 444 440 Ae. 1. 4 4. 41
44. 41 . 444 444 444 τ. 44 744
Mn 444444 avorum 4. 4114 ugni· nomnium E. 1. 44 Aa. 7. 444 4444444·
b· 44444 danai· 4144444 Ao. 4. 441 44· num 4. 414 4. 444
444 4. 411 nonnus 4. 4. 444 144. 4. 147 4. 4444.
444 4444 1. 404 47 10. 744 11. 410
444 44444 jug· 444444 B. 4. 41 sonabunt {auge 4414 4444 4. 444
44 ex 4444444444414. 4. 771 pom 4444444444 444 mgna 4. 4. 144
mia 4. 144 nonam 444444 4. 114 44444444 44 444
'Ui 414414 4444 444 4. 410 4. 470 444444444444414. '5va
441 44 Teucria 4414114 omn 4. 444 morule loquens, 4. 40 44444 4.
44 4444444 4444444414 4. 41444 4441· 114 44 44474441 444444 11. 444
1144444444. npetu, 4. 144 1444 44· nonant 4444444 4. 4. 44 ripae (4. 4. 444
1444 unior 10. 414 44444444, eam 4444 4. 40 Ae. 41. 441 4414 44444444
41. m 4114 nenbr- 4444444444 torpor ,4. 1441444414 444 4. 144 claim.
11. 447 447 44444 7. 711 cunm 7. 444
4444 444 pueri Ι. 4. 14 44444 notun 4444444444 4444444 4. 4. 74 mainfin-
44. 1. 444 4444 4444 4. 474 crime· 41444, 4. 144 444444 Ae. 4. 411 444·
414444 7. 404 4444 4. 744 11. 144 pheretrum 4. 440
44144 4444444444. mm, 10404 414444, 41 nomm 4444444 11. 414
ιι, adverb„ t. 4. 44 44444444 44444 Ε. 10. 44 4. 4. 144 4444·
444, nm.. 4. 4. 44 4. 4. 441. 104 444 4. 144 4444144141 1044. 144
174 444 444441. 471 4. 444 4. 4444411. 441
M 4. 144 7. 111 4. 44010. 401041- nunti 4441440114. 4. 140
trabitur, aare, 4. 114 44444414 444444 Averna 14. 4. 441 4414

44

 

