nni 1 1

quinti, 1111. 0. 801
quino 11110. nu .
1111111111 1111111111 1. 379 11111111

818 qm 11111111111111111111 1181
quinum 1111111119 307
quievi 11111111111111117. 908
1111111011 nic 11111 3. 718 1111111111
m 11111111 mortu 9. 110
11111,1ο1ῃ“11111111, 11. 3. 09 0. 1. n
quin ugiiu,ui‚ 111. 11113. 030
quin 11311. 9. 30 Au. 0. 710 777 ¹1
quinctium 0. 8. ,909 3. 107111. 1
’708 1. 800 7. 177900 38081801
quin 11111111). 9. 71 11. 1. 09 10. 01
quin 0. 1. 181 ne. 1. 983 8111311
1. 017 0. 33 110 891 7. 391 011
10. 93170070 11. 100
quin ι pro, quud non G. 9, 010
quine 11111111 1101111111 11Ιί 111. 7. 031
1111111110 bidentes 0. 011
11111311111111111 10. 901
quinus, 1111111111 11111 1111111111. i
quinquaginta 1. 707 9. 003 0 77010

Ι quinque (1.1. 933111 7011809019

703

quinium, 1111111, G. 1. 977

quippe E· 1. 9118 nou 919 1301111
1. 13 03 0001. 918 19. 199

Quirinali 1111117. 187 11111117. 019

01111111,111,·1111·1311. 3. 97

0111111111τὶ Λο. 0. 8110

0111111111111 111111 nucum 1900

Quiritis 111111111011111, apen, G. 1
901

Quirites luisci 7. 710

queis. pro, 11111111. 1. 73 01. 1.91
0. 311 7111070 719 790 0. 811
10. 108 000 130

quvis 11111 (i. 1. 101

1111791111. nulius, 11, quii 11111111
adsit 11111117 quis 11111111 Nymphas,
111. Ε. 9. 08 9. 1010. 3111. 1113
3. 11. 11911111311111311
390 3. 811 1. 118 900 51011. 031 719

quis, eum, 1111 0. 3. 101117. 930,
eum, 111111. 117 19. 000

quis, 111111, 11. 001 , nonno 111 Deus,

quin 01111 G. 1. 310 Au· 3. 3388 309
0. 77 001. 10. 79 19. 391. 1100

quis, 01111, 19. 031

1111111111, quisque, 11111111, pausian.

quivi. net· 11111111· quivi 11, 0. 103 Ι

 

