9¹¹ Ι 1110

10011010 1000100109. 999
10011109 9. 9099, 79 Ae. 9199919

8. 9999. 119 10. 999 -
1001109.1979.99“19.19711799
10109 9 999 Ae. 9. 179 19. 99 0
10100 G. 9. 179
1010110 9. 99 199 AE. 9. 799
10100110 0000 19. 999
10101000 9. 9999 919
10100 9 9999. 919 11. 199 19. 979
10101000000 9. 911 ’19. 977
- 10110 G. 9. 999 9. 119 199 Ε. 1991

19. 999 19. 77 971
1000000010 0001100100οΙ 999
rubea 11139 (1. 1. 999 .
1090001 1010 0010111000 00010 Ae. 9. 999
10100911 901010 punietis 101001010110 19.

77
109000, 0000010οἿ 00011. 1. 9900·

00000 0010, 0010, G. ¹. 991,0 masc„

00000111001010011. 9. 99 0000019.
1010001 0010110 bac« 009 999
1010001000 minio E· ¹0· 97 crocum G·
10900100 00001009 97 0110100 AE. 9. 979
10100011 00000 0001100 11. 1. 99 1010 G
’ rubescebat Aurora 90. 9. 9917. 29
rubescere 00100 G. 9. 99
rubescunt 0100 caede 10. 9. 999
10901 10010 Phoebe G· ¹. 991
rubicunda cem ¹. 997
rubigine ¹. 9999. 999
10091501. 191 .

101001 010. 19. 99
1010010009 1. 999
10901009. 907

1009009. 919
10910 091, 011010 Ae. 990 000 0011010 ·
Δ1011010020107010019. 119
10910 0000010 G 9. 9991110100 10] 8.
1096018099. 9. 89 10
101000 nodis 10001000 Aa. 9. 799
1001001000 01010000 9. 991 1000010. Cacum, 10
0001800199ει 01001101 (1. 9. 971 111
10100100 101010 10. 9. 997 00001010 1. 00
9990101001 9. 799 immin· 0011019. 10
100102011οω 01119011. 91 19
1090010010000007. 19 . 10
1091000010 100111 ¹¹. 197 100
rudi· 0000000 G. 9. 911 ruz
00010001 00001000 00110 0010 90. 1. 9910 100
1001010 9. 9991090909. 199 01010· 100

 

