1000010100 101 ·

10110180811011 1. 11110111 011111 8. 8. 11810001 oeus 9. 91

1 8. 99 ‘⁵'- '' 01101 8. 817 9· 981

1. 90 · . 0010110111181118101111. 91 919 010111
181111ἒ118ῐ11ῗ111819ι81181 0011011100 1001101 11 898 1118111
1118· 81 quoquo 1111 nevi 0. 818

10 AE. 1- 991 mter 18. 887 0111111 7. 118 10. 899 11. 897 797
11 19. 777 nem. plur„ 01· 0110111 19. 888 881

1010 G. 9. 9119111. 10. 791 01100 00·οω manu 10. 80

1900011110 1. 889 011118. 0111 alumnorum G. 1. 89 188

8. 889 (1111110000108. 197 om 1118010 AE 1. 189 ques 1000110111
10. 1091000111 1·οι 11.991 1. 811 111111. 818 1. 1111011 9117
1. 888 00101· 19. 18 01111010 circum 8. 78 1111001011 8.
er 8888111011111110119. 10 108 11110111. 1001111118708111-
1001801 1111010011 G. 9. 19 1110 8. 11 ingentes 8.·111 9· 898 0111
10. 9. 888111 00010. 8. 198 1018111 1010, 010011, 10. 918 per 01]· ·
11 001001011117. 978 0010111100111111101 AE. 19. 177 001·
eutr· 8. 178 · 111111 0100011081111111010. 8881001·
rojam 7. 989 mi 18011011 19. 881 1011010 19. 991
louis 1001010111 01 0010100111· orme 010111 1. 908

11 0111 11 01011101 18100010 11. 9180101-
9. 999. 889 1088819. 889 tvm Ao. 1. 181

Alcimedon& Ε. 8. 87 101101 01011 10100118001001 G. 1. 100
95111001 10000111 18. 1. 1 011111010101 ,10. 11. 111
Ι01011111111101011108.1191100 011101017. 188 8. 808 11. 100 881
10801· 011 8. 190 1111011101 011101 mon lampasque 10. 098

1010 8. 981 majus 1001007. 01110111. qun 000 oraveris 018018. 99
11001111010101111001 0180 101011. 1. 87 11. 1. 819 medio 10·
9010101 1111000101 9. 119 fugerit 8011. 118 010001 18. 9. 997
11111. 189 1011100111 8. 718

reque». G· 9. 998 AE· 8. 707 018010 Β. 811 1. 17 88 G. 1. 909
1101 18. 708 9819. 11110. 1· 1111 808 1. 119
991888789188811918. 981 8. 08 7. 981111. 987 891 inor·
1 889 9. 911 917 198 881 bem 11000111 G. 1. 89 101101 uetus 10
8. 171918 198 187 1901. 018010 9101 100180001010011111911
99 878 8. 9911810177878 0.·01 1. 79 1101011100110 0180111 utquo-
810. 798 790 899 11. 89 10 1011081111 caudis 110. 8Ι 073 010·
18 800 887 19. 888 si 000- dium 101 hauserat G. 1. 198 mallum
1101 G. 918 111 8. 09810· not horis 1011 10111811 10. 8. 81911
0010110111 10111001, G. 9. 1111101010 7. 118 coeli 1110111010 101
01οι0 111-0101811011. 999 conset-udan 8. 97 1010111 010001 10.
. 11111 11111 cethem! 8. 1118 810 per orbem 010001 00100811111110,
159 01110 0110111001 1. 177 10. 7118 101 80111 10010100180018
111 111110 AE. 1. 919 1000· 1. 8011 ·
11119100101811 equorum 011101, mutos, 1. 137 immenso? 11011

001 humum, 1010001. 1. 188 ,11111191

0 0111 10. 11 a. 1101011011. 111 1111001111.
111 11101101 8. 819 110 0001111111, 8. 191111κί011 01111901
100110. oraculum, ³· 118 volvendi· mensibus ,10.1. 978 11101-
1. 18 1. 119 AE. 9. 1111. 0010181801 1000810018. 88110110-
1 8. 1181 100111. 187 10010001 orbibus 11100·
3· 110 1010111. 11810110101 10. 888 111001-
1100001118. 8. 7 011011 li· 101 1111011011 19. 7180010000 01010111
:. 11 11111 litori· 19. 8. 898 0011019. 788011100101010001 19· 915
108100 1. 899 01810110. 0101101100111101 11. 918

1 numine 9. 989 0181801100100111106001 101-00180111 111·
10011116. 1. 887 lugo 9. 90101811 1100081001 8. 881
11. 899 8118 ’

 

