vocmu1,ouun' 753

1. 811 11. 381 111ιίΙὶ1 5. 1118. 8
3111. 3. ‘m miliia 1. 183
1181835 11181 11. 351 {milio 1. 575 815 1 118 151 511 1.
111531. 8, 811 538 5. 888 7. 551 8. 171 538111.
111 8 807 7. 55 8131188 33 11. 110 118 11. 388
1118 11. 318 8. 138 10. 858 1111111118. 3. 130 Ae. 1. 381 1. 311
0111 3. 118 1. 817 7. 5018. 10 101
138 10. 81 ’ · 378171 11. 378
1717. 1081. 838 1111. 5118. 11108. 18
1. 581 11. 181 11. 111 nem G. 3. 351 Ae. 1. 181 11838 7811
385 Ae. 3. 888 11. 158 7117 , -
11837 ni G· 1. 171
11137 10. 188 11111. 107 17111. 11. m
18 7. 517 11. 183 838
3187 138 11. 33 10. 103 B
83 7. 1118
101. 18 llaec· G. 1. 88 510
17511131. 103 311 1. 531 baem 1. 3081. 1101113. 818
157 11. 85 11111118119111
,317 ’ 11111181111801111811 1. 058
1813 1781. 11 Ao. 1. bacchata virginibus 'l'ant-luG. 1. 187
17818338 Alecto 1131818188. 10. -11
8111 1. 338 351 8130 bmuum' jugis Naana. 118
11181171 3ιοε111ιιι1.3111ωι perturbem 088
118811318. 1. 58510 o 78
0008508070 81811108.1.111.7.3311
188 Ae. 8. 387 1118111811 donaG 1. 151
1111333 Ae 3 11181 31111111811111111111118
188 · 511 Au 1. 118 3. 3517. 888 185
,1. 388158 11 737
115 3. 118 Ae. 1. 1501. Baccho 8. 5. 38 88 78 G. 1. 3111.
18. 18 3. 118 11. 350 87 1111 118 110 31111 333 Ι1111158.
ml nuno 118911σήηηω. 1. 301 3. 77 ’1. 880 7111
11138 3. ,113 387 3131. Amnum ε, ¹81
1. ²⁰³ ³18 113 111 373 Bacchus c. 2. 1131111111 Ae. 1. 711
{a 1101. 3311 113317 misle. ιο. 270 1. 111111
,1811581 8. 711 3131 Baetra} 1311Ᾰ8 11 GU!
11 717 738 878 11. 871 mmm-„mv 710
sidergo hue1utemme.b.1¹.2„1„mo 12711 137 A„ 7 818
is {oemio 11111118. 8011 moltibus} 113 Ἧι
e. nu
.- 3111. 3113111188· 11111οω11. 11. 81
1111181111... G. 1. 808
1. 5 1· 131 113 1131311111 1. 1111.
511. baltei Ae. 111. 188
nume. 1. 031 11111111· 5111801 8. 313 11. 171 811
m 1111133311 membr· barathri 3. 111
’ barathrum 8. 113
u. e. 2³0 uve-,sm μν buu n. ι. 111. 11 Ae. ³. 1911. 2⁸¹
1110. 880 11. 300
8113 11181111.11710.8.18
oris capul 8. 558 mun barbani. 513 11. 777
188 barbaricam 8. 885
1110111111. 818 81181τί80 111101 501
1 barb-runs. 1. 71
313 11. 110 hurbis G. 3. 308
3118ιοί Ae. 1.13

eiu 11318811 1. 107 aaran 1. 131

 

