100117181011011 010

M 10011118. 1881110 horret 111110 1117010 0011001801 110.
7880. 818 10. 101 818 811 11. 088
1 Ι1111111111.. 1..1111111 1111110
1Ἣ1811118808018 801
10111111 0. 811 1001110 Β, 1.71 8. 88 0. -18 (’1. 1. 180
11010 0. 710 100110 11. 11 18184 100
1110. 1111111110. 0011101 1111111010
81018111.110 “ 0011000811. 1. 808
0011111100 1011011118 0060111010 1· 11·)
1101111111111110. 818 segnem campum 1. 71 0111111101. 8.
[1011111ιο 100ςο 1. 111 118011101010 10. 700
,11.11. 1111111 11111101. 10111111111111101
11010000 10. 1. 817 7881000001 10111011. 1 81 1111111111 010-
0.11080.1·.7187118100 1001. 11
Ν8 8777. 8110 80111817 1000101Αο 8 11810.88711.801118
..8 11. 111 0000000018011800101100011080100.
1111 111 1111111110 010000 1. 111 1.1781011οἰ011011118.081111101110
,811010010νο0 111101· 1111 1 1011111000.11101111111110
81111180811111111111 0, 0010118817
1110 01111110.11011110010 11010011111010.1101100111111100
110111. 10111 1110 01 11110 101010 17111111,10.8.81001111010
1010111100017, 11 181 1011110010. 801
1111ιί00 1111001178 01, non 0110111000. 101 11. 818
100010 10111010 11. 180 mmm& mpr- opud· 1011113878. 708
quim ,ὥς 801. ¹⁰ ω, 101130ῧῖ11011ηο110010301100130108011.
100 0011000
100810011001010100101.18 nemete. 1. 11180 81810 0870·
10., 0111Α1111οἐ0010οὢ00 108111· ι,11080610111430110118 11 1011
’011011 11 0 n
1·..,11001811108011.181ι·1110000101011107
17.807188118187818100010001110000110108111
0011111100. 1111111111 1111111111... ,1111111111 1. 000
1111111ωο1018171111110· 0001110101001118111 10 8000111ιί 11. 888
101 1001000008. 181 00111101ιί011 1011101100, 010 11880
10171 801101. 10010.1011111111·1,71110110100110·101
.187 711881, 01111101, (7.8. 01110ξο11, 17001, 0. 187
1001010 Ab. 1. 800111 ,1011000 0111011010 ub 11001010 10 110
011ω101ω1011010110111110,01.00011000. 8108188880181010711·
ι1100111010011·[1111010110 0101001111, 0011000100,11111100001·7 0
11001001 111180110101011011 8100011 bonnm 0.1, 181 flammae
10101710 011080000011110111 80 1. 8
111 0001001 01111101. 101
1111101 - 0011111100.1.111011.11811
1. 88 01180. 1. 011. 118 0010100001,111·0001001, ,10. 81118
10,11010011111111.1101111111111111110 100 1111111 11. 170
0011110001ρί11110.011
11111008170 0001018000 .87 881 10· 0731
00110 1.171 , 'milhmin' 10 118101
’1..1 100 semiputata nir 17 2 70
Ι008. 181 00111110 8011 111. 1017. 818 11.
1001010, 100101 ..m 17011111 011
111. 881 · 00111111811011 11.10’
188 0011111100 0001110101. 111
1. 810 , 00111111οι1111 1111101110 ,pu-pn 1700010οῖ3·
111110 mint mr· ,1. 818 878

1,-171. 11011.. 1. 1110 nm
1. 111 1010000180 811 0· 10010110 rm- 8 107 111110 11. 100
mein 11110110· abun. 810 8000101111. 080

61

 

