1111 Ι ¹¹²

11111111μί111. 11. w

11111110 1911111. 119 -

quietos 1111 1111111111 9. 379 11111111.
1198111111 11111111111011111111 112119

111111111111111111112 397

quievi 0911111111111111 ’1. 298

quievit 11110 hic fluo 3. 718 1111111119.
m 1111199 morte 9. 999

quin, confundo, 8. 3. 91 11. 9. 929

quin ugito, 11, ete. Αο. 3., 9911

quin 1111. 2. 3111111. 9. 793 777 11.

quin etim 11. 2. Ι2119 3. 9117 Ao. 2.
798 9. 999 7. 1772911 38118. 98119.

quin 1111111111. 2. 71 Ao. 999111991

quin G. 9. 981 Ae. 1. 283 3. 993 931
9. 1197 9. 33 119 8297 321 11191
11). 23 9711 11711 11. 1119

quin 2 pro, un non G. 9. 11111

quina 11111111 1191111111Ιὶ Ao. 7. 1138

1111111191 bidentes 9. 911

quingenta 111111 10- 209

quinos , 1111 quinos 11111 1111111111. 1

quinquaginta 1. 70711. 1103 3 779111

ι quinque G. 1. 233 Ae 1113892919

’793

1111111111,1111111, G. 1. 277

«1111111111. 1. 2118 1103 2. 99 9. 399 Ae.
1. 93 93 1111119. 918 12. 922

Quirinali 11111117. 187 1111119 7. 1112

01111111111111111. 3. 27

Quirino 111111 Ae. 11. 81111

Quirinum cum stulte 1111111111 1. 2911

Ωυὲήιω parvos sufficiunt, apen, 11. 9
01

Quirites 1111101 7. 710

queis. pro, quibus Λα. 1. 73 91. 1.91
11. 1111 7. 9991170 79979118, 311
111. 1118 31111 9311

«1111111111υῦ. 1. 1111

1111191111. nullus, 111, quis 11101111
adsit amori? quis caneret Nymphas.
111. 11. 2- 118 9. 19111. 911-1. 9111
3. 9 9. 213111.1.91131198 2113111
390 3. 811 9. 118 2911 1191111931 791

1111,1111,1ειι(;.1.11.11.1.111
111111,1111111. 917 12. 11119

quit , Β9111111, 11. 1101, homo 11111 Deus

1111111116. 9. 31311. 3. 3388 331
9. 7711111. 11171 12. 321. 111111

quis, 01111, 12. 1139

11111111ιί111. quisquo, 1111111111, pacm-im.

1111111. 11111111111111111 11 11. 9113

 

