111010011111001 0111

111, nvn. , 11. 0. 0010. 0701131111111111111 corpora 11 11111111. 000
1. 010113 000101.. 111111. 1111 jecit 11 ignem 0. 107 mom
11 100 7. 031 0. 072 10110701 1111 m 0111111010110. 010 11101111
1. 001710 - tetradem 10. 100

111 G. 1. 111 1. 313 Ae· 11. 110 ullum 01111111101111111 11. 001
1111 0. 010 0. 000 11. 000 000 ultus nemorum Ε. 0. 07 10. 0. 07 0.
111 1. 101 0 100 10. 131 11001 1. 10 110 1. 107 301 171 3.10 313
1111111011ο1110. 710 337 177 1. 03 11. 1. 71111
111 0. 3. 31 1311 11. 000 311 salubres 1111110. 3. 030 .

170 1111011111111 01. 1. 171
111 0. 000 ulubris 1110111111 succos 11. 110
1111110100 111110. 1 173 Ae. 0. 00 0. 301
0010111011013..11111 1111101810 11 ι. 1.. 2: ..ι uo
[11011110111111111 0. 007 0. ’207 11. 3111 300 11. 003
111111 eampo· 3. 1110 1111111111111111111111113. 011 augurium
11 Β. 1.Ίο 3. 00 10. 10 G. 1. 110 cimon 11. 107
Ι1110 1. 10 101 1111111111 undam 0. 1. 101 ,
m. 1. 01 1111111111, inque 1111111111 linquo 01. 0.
111. 00 0. 1. 10 11111111 0. 1. 10111. 1. 100 1071.
nn 01. 3. 170 ’ 3010. 170 11. 111 037
1111111111. 10. 001 salutis 1. 307 0. 171 0. 00 10. 000
111 1111111110. 0. 17 alvu· 1101 ufar 11 hoedi Est. 0
ntem unguine 111111 0. 3. 100 §meque 01. 3. 171
111111111οὴ1.1 mtto· ἲ. ³8⁴ ’ mahange? 7. 100
111 umbonum 111111 111. 7. 031 Samum 7. 208

0. 100 1111, 1111111111, We, 1. 0
1, zonae. 631111. 1111, 0. 330 017 301 suncti foederasfulmiffi 11Δ. 1010 m ι
ι1 . unca nom. em 11 u. . 111-
ugos-vm 0 3. 307 spuma muris 111,11.010,111ι11·.1111·.,11111111.
1. 1. 30 Ausonii 3. 300 placidi 111 0131111111011011 0.131
n 0. 010 cumpo· 10. 311 111111011111,1111113111111.171μ1111
gundo 11 111111 0. 1. 110 11- 110
n· Ac. 0. 300 10. -703 1111191111, 01111111 11. 700 plum, μ·
111110. 0. 17 11110. 1. 173
11 Ae. 0. 200 311 311 10. 703 sanctissima, nomme· 1110000111·
Ε· 111 8³ 0. 10 iu 11· 108
11111 11.·- 0. 11113 uncto, 1111, puri 0. 003,111.,0111111
01. 1. 011 1. 100 0. 711
ι. amsa, 111111 0. 1. 100, 111, 111111111111 0. 1. 17018111 110. 000
111111 1. 110 aspergine ,11. 3. 031, 3. 100.
mr. plur„ 1101 0. 1110 aucium, 11111.. &mum 1. 130, mr„
11 fruge· 11. 1, 133 sydus 1. 700 1111110. 001
11111011 0. 3300111311 11. 11. 1111131 11. 1. 10
13 - sanguino 0. 1. 101 001 1. 010 0100
111111110101137 770 101 ,11. 1. 71 110 110 177300001
11 sudor 1. 173 030 001 001 007 3. 10 011 1011
11111 Satyron 0. 0. 73 0. 70 310 113 170 730 0. 07 7. 171
1101. 1. 71 G· 1001 01. 1. 000 310 113 031 011 000 700 700 0.
. 317 0. 371 000 101 010 0. 01333 31011110010.
b· 0. 3. 110110 11010 017 707031 11. 0 110100
11111111111111,11111111,0.3.111 300110 00171011. 10 30 70011
tper Pergam 11111 equus, 1111111. 031 701 700 010, yeme, 1. 13 130
101110 super 11111111 1111110. 001 2. 71001 3. 0001. 101 130
13 corpor· subjiciunt 11 equo· 11. 0. 10 100 0. 110 000 701 700171
37111111 1111111111310 7000. 111 13103 11. 030

 

