101111111181111811 881

1110011111 1. 108 8. 837 313 quo 101011110011118. 187 12878
1. 12210110011110111 riom 2388111· 100111 (1. 3, 13 ,10. 8. 107 um. 318
111111110110118.81110011101101111110111 2³:3¹3. 13 10. 188888 88818..
»Gutta 1111111 11000101 1. 883 piaculo 0101111 111οΙ0111110110110111110108818

8. 888 10011101 1. 888 7. 283 8. 388 888 ro· .

monstrator 1111 G. 1, 8111 118011. 878 mo 2. 287 quae rogoi-
1100111110 si quoru 11011111 sororum, 010. lies 2. 373 v
80. 1. 828 01011101 8101 11101113 810 12. 808000
10οο1111101 porr 111111 G. 1. 18 plura 8. 381 10 1111110 12. 781
1110011100100011 111101 11110112. 877 010181 G 3. 87 781 8. 387 882 Aa. 8.
1110001111 Ε. 8. 78 80. 2. 171 8. 887 8. 278
8887. 81 878 788 1110111011. 3. 178 888 881 8. 282 818
10001110 G. 8182 10. 8. 818 7. 318 morborum 3. 110 ‘
8. 188 12. 288 878 morbos 8. 882 ,10. 18. 278 18. 881
montrum G· 8. 881 AE 2. 218 888 8. 0101801 G. ³. 888 “
28 211 088 8. 1818. 8287. 3288. 10011101 juncturas 11101010 11801181. 12
88 8. 128 18. 837 271
10001101 rastello 5. 810 moro 1111101083177110. 11, 187 10
1001100110111100 1011001 2. 308 10100111. 8. 881 1110 8. 88 10110 80. .
montet} ’8. 218 0). 3. 888 1. 1888. 1. 881 1111001001 0. 228 1010111801
231 7. 007 11. 818 7. 101 hoc 7. 817 turbinis 1111101101
montom G. 3. 213 873 81. 1. 88 2. 881 10. 001 811011011 7. 217 do 010111.
7. 718 8. 231 822 8. 88 888 8. 87 8. 08 8. 88 7.
1100101 118. 28 88 8. 81 88 G. 1. 288 887 8. 881 881 18 832 11. 88 182
,- 2. 200 3. 288 270 112 888 8. 181 01 111010 8. 218 8. 1881100 01010 8.
g Ε. 1. 88 2 888 8. 208 8118 8. 181 8887. 377 8888
3 188 8. 08211810 12. 113 0101001001Ιί mium (1.1. 81 111011010-
nonii 12. 188 ruisse 011181118. 18711000 E· 1. 888
pronubus 8. 1. 31 2 821 8. 8 8. 83 8. 888 8000 1101010103. 80811000·
1 727. 88 10. 8211. 1. 18 88 2888 11010110οἰ18. 8. 882 11101000 10010·
3 2. 111 8 112833 178 81 1. 11112- rom 12. 838 10 morem 1101111011 G. 1.
1 828 811 288 811078 8. 181 1818 218111 0000011101. 288 10 0101001
182 778 7. 887 803 788 11. 88 821 0111101001 7. 188 10 11101001 111ςηὶ 8.
1 882 8. 82 071 10. 811 787 788 11. 88 10 morem 101101011 1181810 10-
'. 888 888 12. 823 11111, de more, 8. 888 8. 288111 1110·
11000188. 78 8. 80 G. 2. 1118 1.·881 rem Paeonium 12. 801 101111 nom
2 81880. 1. 88288 2. 18 3. 2718 G. 2. 227
r 88 8. 8887. 878 8. 181221 8. 888 010101110111811000100110811. 18. 878
10. 1211 88811. 828 818828 12. 888 111-11110 2. 888 8. 817 18. 888 788
0100101111 1101110 7. 788 morerentur 2. 188
,0011101 cornix ob 11100 11. 8. 8 0010181010 01 populu· (1.1. 8 11111110-
1001181. 108 111-11000110 001 ,11 1. 288 11111111 8. 888 &boot
11010 E· 8. 82 G. 2. 182 3. 118 8 188 8. 281 10008001 12 888
888 AE. 1. 7808 7818. 2117173 1001010111011117.888
818 8. 180 388 188038 788 8. 177 111011 Ε. 2. 7 10. 2. 317 8. 828 8. 1711
7. 188 18. 822 11. 18. 718 12. 11 88811. 888 12· 888
78 811 888 888 888 1001100101 2. 383 8. 881)
noro 2. 2112 3. 883 8188 28210100 010118008111011.[0111.,00011111 01011. 8.
floron} Ε. 104 12. Ae. 1. 818 18. 828 888 811111 Ae. 18. 881 11011170111911·
ηο11011101010110000111. 81 8118. 732 ·
11111080101110011 iprum 10. 788 111011801180111001 mo 81101117 8. 888
:orontem 10 8111011111. 808 GJon 8. 11011801010010110011118. 378
188 moribundus 10. 888
1011011111. 1. 28 70 ,10. 7. 620 0011001011. 878 1. 888
pronior longo 10100010 (1. 3. 888 moriens Ε. 2. 38 7. 87 8. 20. 18 87
forantur· naulae 80. 8. 207 810018. Ae. 7. 28. 888 382 888 888 788
788 10010111 1111 8.10 111111. 817 10. 188 11. 1111888 818

 

