731 lun*

11111111 terro mm 2. 117

weida 11111117. 111

milon 1111111111. 111

mitis arm'n Aeblfln 11. M

accitu 31111οὰ 1. 111

mnne mnulis 11111 G. 1. 171 ,
salivis. aladini· 1111111 11111111.
111111 Vulturni 7. 711

1111111 mn 011111ἰὶ 1. 111

mm gn 11111 G. 1 111
1111111111111111111ὴ11. 11111 “’
mundat latai 1111111. 111 .
mhi juxt· Furia 1. 111

nubet 111111 new G 1. 111
„cumben 11111 visceribus 11. 11. 717
1111111111 111 1. 11

mutulen ⁸ 1111111 xps!

11111111 1. 111

11. 111 111 711 111 bellis 11. 111
11111.111111111.1.111111111.
1. 111 1. 111.

111111, 1111111111. 1. 111 neat. 11.
10. 001 11. 100

111111 fremens 11. 101 1111111. 1. 111

1111111 crimen. 11. 11. 117

acerbi quioquid 111 11. 171

urbi· 1111111 1. 111 1111 11. 117

narbo 1111 1. 7011111111.11111.11

1111111 diem 5: 11 vulnus 11. 111

111111111111111 1. 111 1. 17

111111 nolio 8. 171

111111, 111. 1. 711 ·

mettium 1. 1111111111. 171 11. 111

acerris G. 1 111

mvi· 1. 111

11111111. 11. 711

run 10. 111 uentorum 1111 tingis
Teucrorum 11. 111

farris G. 1. 181 11. 1 1011111111
111111 911. 1. 101 171 1. 118111 111.
Acestam 1. 711
Acesten 1. 111 171 1. 10131 110711
Acestes 1191 111 1. 11 11 1171317 11

118 111 111 111 110 711 711717
Aeetes 11. 11 11
1111111111. 1. 111 1111. 1. 111
Annam, 9⁶⁸· 1. 111 10. 311
Achate, 111. 1. 111 111. 1. 111 711
Achaten 1. 111 11. 111

11111111171111111111 1111101

 

