’ maxumum 313

1. 3. 3113 strepitu· iouis 1. 731 31111111 11. 1. 333 110. 1. 113
amdam, 3. 330101ιί1113 3110110 3. 3. 111
111311 1111111 1111110001Ιοῖ. 331 31111, 1011111111, And. 33, αωῂη
111110 7. 331 Calybe 11110111 1111111111 11. 313 0000101111. 111
’. 111111101 olympo 3130 101 3111, m. sm, (10111 G. 1. 13 Ι. 01·
nous cupido 1. 1113 11111111. 11111. 331, 1111111111. 3. ,
1111111 111011 10. 1331110011- 11011. plur.. 1111111. 1. 73
1111110331111111111 11. 333 3111110111181111010. 10. 311
n. sem. ‚ 311111 01111 7. 111, 1111011101 110111 G. 3. 330 01011 10. 1.
,11111 1111111111 1. 103 113 330
3311113311, 1111011, 11. 773 31101111 111111 G. 1. 133
,01 01111111, 0111111111, 3. 303 3111111110111111110. 7. 731
1111311 3. 103 num! mpb 111111 E. 1. 33
1, nepulit, 1. 3331110011, 1111111ηο0 11117. 331
arundine 11111111 3. 331 logos 3111111111 G. 1. 313
3. 333 10301010101101117. 137 11110 turo 30. 313 gurgite 3. 313
1 1. 113 111111111111 111111 31101 0111101 1. 331 13. 303
11111110 11. 337 3111111 0110111. 3. 333, unta, 01111111.
0311000111 1010 1. 1331. 131 1. 331
11111,11111111’1111, 1. 11111111 3111171311111111110101. ’1. 01
1103111 0111111111. 3. 31 Anchisen 30.
111111113- 3330111101 111 virgin· 3. 3113111οπ113. 313
17-31111111. 3. 333 30311 11. 33
Ι. 131 30011110131001101113. 333
1111111111 sumitates. 3. 331 3001011111 10111113 111110 101110. 7113
10. 3. 371 3. 370 7. 731 &7⁰³ 3031011101, 000., 100101111110 1. 373
11101101 111. 1. 131 301111011111101111101111011, deducere,
011000 0111101113. 137 G. 3. 337 1111 Ae. 7. 33 11111101 7.
1111111111 11. 133 311 1111111111 1101111113. 331011111-
1101111111 1. 333 linum 7. 317 111, Aeneam, 111111, 711111, 11. 110
11111111101“1.7113111113.33 1111111111 1111011111 3. 330 ·
111111. 1331011111 10. 1. 71 30011101 1111111113. 1. 311
11111111 13. 171 loeti 0100011311 1111 1111110 Ε. 3. 373
1. 1111 11. 01 1111111111 1. 101 11. 111 jug· 1111.
’1- 111 1113. 301 1113011113. 171
110111.,3. 3. 3701. 33310 ²· 300111111101011111111011113. 13
11 0311. 33 3. 110 71318. 3101111100 11111111 1111101111 1111111.
0. 170,111.,3. 3. 31010. 1. 333
. 300 7. 7110. 333 3111110 3. 331
Ι911111, G. 1. 101 Ae. 3. 337 1101113. 373
1. 1, aaa, 1. 1111111.,1 111 flent 11. 111
137331- 173 3. 1130 30111013. 311 11. 177 137 3. 131 10.
1. 11111 3. 133 3. 1110 3. 333 m
17. 3333. 333 3. 333 11.113 13111111 11001 3303010100. 11. 1. 131
1 311 11101011, per, G. 1. 311
11 1101111111. 3. 133 31110111111111.3.131 Ι
111 1. 30717310. 3. 371 11. 31111111. 131
3110 G· 1. 333 31. 3. 3331. 3333.
1. 13 317 3. 333337 173 1. 3111. 113
, 1103333. 333330 111010. 3111111,113111111100010100011. 133
1011. 33 31111, m. 11110, 3. 713 , aee· 11111,
001110 1. M G. 1. 373 Β. 3. 371 3. 313 1. 137
lumin· 7. 113 301110 myrine 3. 10. 13 loeus E. 7.
E. 3. 10311. 1. 33 333310. 7311
1 3113 7011 731 3. 37 3331. {lemni 0010 11100013. 13. 13
103 3. 1333 733 3. 3111 333 30111011. 1. 303
30 7. 737 11. 131 1. 130 10. 71 301ᾱο 11111111 11. 3. 310
1. 300373 371311 30111 110 1111013010 B. 3. 73 ⁴

31

 

