8088888881181 788
181ω8 1. 811811 ωιὶη, nm. ³. 1811818811 Olympum 8. 878 11. 887188.

8 num 8. 787
1111811111 1. 811 1888181. 11111 118181
m obn 8. 88 Aethiopum E. 18. 88. 8. 8. 188. 88.
...881818188111118 1181
18 878 18.-1181 1111118887818 Aethon 11. 88
17 18. 888887 11. 888 8888 118· 18111118. 888 18. 887
Ι 8. 888888 8111811818. 18 18. 18118 8. 8. 178 Ae. 8. 888 878
η Aetam G. 1. 878 18. 8. 878
nd 13818118838381 88. 8. 18188818. 818
17 56²· romanibus G. 8. 888 88881 88188818. 888

ursse. 18. 878 18. 888 1888181 1811118818. 878 7. 788 11. 888
n 1181118188 18181111.188
mulam 88. 88 180888. 8. 878 moli· 18. 88
ι 8118818811. 818188. m 18188.. 11, 888
b· 8. 1. 8888. 8888. 881888. 8818811 11. 888
181. 111 me, 8. 1. 1111.. 1. uvi 1. 1,. 11 (1.1. 88 181 1. 181 1..
18 . 8. 888 8. 818 8. 78 8. 887 8. 888
ΙΙ. 8. 8878. 81 8. 8. 888 888 18. 878 88811888
8111818.1.1811.8188.188 mon. 8111811 11818181 ,
Ι 8. 818 878 18. 888 11. 178 18. 8. 881 8. 887 11. 88 887
18 8818111 G· 8. 188 8.188 Ae. 7. 7788.
881. Μ mm. 888 ’8881888888 11888
118188181181118818. 7.8 11818. 888
mun. 11818. 1818818818. 8888118 Ae. 8. 888
88 8181. . 188 88. 7. 888 8. 87 1811181188 uni 8. 881
Ι. 181 18118 8. 888
11818. 1. 888 Ae. 8.88 18. 788 afferi 8. 778 8. 188 8. 88 8. 888
Ι. 818 878 18111 8. 8. 888 18. 8. 888 8. 88 888
munbi! 8. 881 888 8. 811 8. 88 18. 188
11819818. 188 affati potitum 8818818. 88
nb 1. 188 - 188118 888
m, 881. 8. 888 11. 888 188181 1. 8878. 780 7. 81 8888. 188
mn 11811188 1. 88 8. 887 8. 888 8188 888 888888 18. 888 88818.
81 11. 888 adverb. G. 8. 888 Ae. 18. 71.
. 881 817 11. 87 88 8171188818 1888 8. 8. 888118Ιοί8888
Ι· 1. 888 8. 888 3. 188 Ae. 1. 88 11. 8. 888
,187888 8. 888 8. 888 8. 188 18. 1888881818 18881188 18. 888
88 88881118181181818 8. 878
m G· 1. 888 888 8. 888 Ae. 1. 888 8888111 vitm 01111888. 8. 888
21 8. 888 8. 888 8788. 18 1888. 8881111181 urben 88 7. 817
887. 8888 888 888 8. 78 888 8. 1881118 mihi 2. 81811188. 877
8 18. 888 888 1111188878818. affigere 11818811 1811188. 8. 818
88 878 881181811881818 18. 8. 188
18111.1.888.1.11 88. 1. 887 affine 18111 opu G. 8. 888
1. 118 8. 878 8. 888 881 8. 8887. 881ιί1 181811 {lammam 18. 8. 888
8 188 888 8. 888 781888818. 18118118888811111118. 81
88 11. 788888 18. 888 1181111 nouissimum 1. 888
18111 8811 1. 881 81111 888 8. 888 181111 8818188888888. 88
18188 sidera ple. 7. 788 afflavit 1181818ιὶ88 181111 Jupiter 8. 888
181811 11111 8. 1. 28118. 8. 888 oriem equ‘u 888181.1118.1.118
·., 888 8. 781 7. 887 afflicti· 18881 88. 1. 888
*οἱ 01111ρί 8818881 111Ιί1 8. 88 afflictus 2. 88
mis 111111 8. 818 88188118 numerum 8888188 8. 788
meo 88118 8. 888 Olympo 8. 81818· 18118 7. 878 8. 188 888 1818818887
1888 7. 881 888188 1. 888 8. 8888. 88
mu 11181181 8. 8. 881 1118188118. affuit 18. 188
1. 888 orbe· 187 811181 181118. 87

 

