100800008011 081

. 1101. 17 ’101 11. 1 110 1111111 111111 11. 008
'³ 787 1 ’1111011111 omn 1111111111
0. 1. 818 - . 1181ἰὸ11111 11. 1111111111
1111111, 1. 178 1. 118 8111111110 1. 111 num 11,
1. 810 81. 8171101. 110 8. 100
11111111 1111 (1.1 801 igni· 1. ”asim
..111 1. 111 ...111 m. 1. 111 nom.. 1.
111 111. 11. 11811111, 111111· 801 Eurytion 1. 118111111. 11111.
11111, 0. 1 80 11111 11111111 111· 111 1111111111 11 1111111 10. 870, μη,
mimula 11111111, 11. 0 11.(1171111111 11111111 11. 81
1111111 ponder· 1111111 10. 101
8. 801 11. 11101. 11711 11111111 1111111110 8. 118
. 101 118 0. 871 11111111 1. rupit 111111 11 1111111110. 1. 008 aba
per 1111111111 1111111 1. 111, 111, 11.
-111111 Ao. 8. 701 11111111111111111 8181111111111111.. ’
cripuit 11111110. 81111111111111 111 11111181. 1. 1818. 111111 111111
1111111 11. 1. 811 11111 11111111, 11111111 11111, 111. 1.

.8111111111;.1.1111111111111111 8. 111111 111111 7. 788 Turno 111111 ⁶

1. 8. 110 populos, 1111111, 7. 781 11111 unu
11111111. 170111111111111111. 8110111110811111111111081,
1111111, mine, 111111, 10. 100111111

ragina 0. 0. 81 11 Teucros 10. 808 1111111111 11. 818

111111 Ae. 7. 111 1111111 de 1111111 1018111111111111.

1111111110. 1. 808 . 11111111111111. 10110 1111111111

1. 11 187 101 Ao. 81108. navem 10. 1110111111 bipennem 11,
” 111 1111111111111111111 11. 010 qm

2. 81 1. 118 11. 8. 18 1. 71 111111111110 10 110

7118 1118. 110 181 11. 11111111,1111 11111111 1111111 8111171· 1

1. 111 11.1.1807.17181 rapiunt 1111111 Pergama 11. 8. 87111-

0018081. 0. 881 piumque ruuntque 1. 181 ignem 1,

8. 1111188181 101107 810

11111111111111111. napo, ..1. pr· viri, 10718

1. 881 11111,111. 11., conjugo 0. 1. 111

1111111111 8. 7. 80 101 011111111111111ειγ1 1. 108111·

11. 18110111 1817118 11117.110,11111.ρ ..11111110

1 1811011110. 8. 81

180 187101 11111111 viscora 11. 8111

1. 870 raptem 1111111111 0. 1. 110

181 111111 11111111 81. 1. 101 81111118.

1111110.8.111 1811111111 0. 718 10. 880 pende

111 111111 111111 Ae. 1. 171 11. 101

1111 10181 111111 111 mor 1111111111 01111111 0.

11111 111111ι,111111,0.8. 8101.

111181. 7. 811, 111, 11 1111111 11111111 111111 11. 1. 171

1110. 011 111111111111111011 111· 11111111 nuru 1.

151111 11. 180 187

1111111111, 11011117. 108 rapui 0111111111 1. 81

1111.,111110.1.01 1111111. 1111111 0. 1. 100 0117

umbo, Bam 11 stau, 11. rapti· 1111111141. 108 11111 7. 110 11111111

1111 0. 111 111111 11. 1. 71 111111111111111.1171111117.7100.118
111 7. 81 1111111117. 111 111· 111118. 111 11111111 torpore 1111111
1114111. 10 0111111 11. 1. 111 1111111111ρί 1. 811 .

11017171101881111111. 11111111111010111111 1. 8801111 111
Ι111111411111178 1111111 11118 ιίιιῦἶίτὲἱῶιξῗι, lauros, 111111 viarum

 

