911 1 11

procedo 3. 341111 Priami 111111 2. ’10

procedunt custodes 111 1111110 8. 40011
11111 11. 1011

proten· 1. 1007. 004

prooem: 11. 111

procellis G· 3. 101111. 1. 81 0. 701

111111111111111 111010 0. 00

proceres 11. 1. 741 0. 03 100 0. 48·
0. 087 0. 000 10. 113 1¹1. 400

procerum 11. 113

provenerat 11 1111111111 1070111111 11
1111111 11. 14

111111111111110 1111110111111 E. 0. Q
1111 11111111 11111111 11111111 M
mue Α1111ο ύὲἓηιιο 11113. 000 ιι

m 1. . .

11111111,11110111111 101111 1111111111
morbus 0. 0. 0114

1101111101 11. 11. 710

1111111111 0. 040

procorum 18. 27

Ὲ111114. 034

1110101111ῃο11611114 Α10111 G. 3. 140

procubuere 111111 superbi 11. 1. 000 11111
11 vinoque soluti 11. 100

11111111111 10111111131111111111 0. 00·
lupum in 11111 11110101 0031111111
1111111 stirpe domum 11. 010

1111111111 1111111 830111 8. 83 11111
11111111. 041 11111111 11. 418

procudit 111111 vomeri· dentem G. 1

1111111111 pendero videbo E. 1. 7’.

111111,11111]“111111. E. 0. 10 10. 031

procu! 1 1111111 1040111110111111111111
011400 1111111 montis 11. 0. 31
1118111111 111. 401 Mago 11. 011

11111113. 004 8. 111010

procul 11111 1. 473 0. 4411 0. 47110111
0311 000

procu! 11111. 000 8. 040

procul 11 111111 1111111111111114. 171

111111,111114 1110110191, 0. 114

procul 11 prora 11111 0. 770

11111110 procul 1111 1111111 1110. 101

111111111,1111,11111111 ungula 11. 031

procumbat culmus gravidis 1111111 (¹1. 1

procumbere), 1111111111, 3. 400

procumbit 11 111111. 0. 8701111111
ipso 1111111 minor 0. 3. 8411011 1111

· choroebus Ae. 2. 420 humi 11110
4111 super 11. 1011

procumbunt 1111111111111 111011 1. 4111
111111111111110 0. 108 piem 0. 180

procurate 1011111111, 108

 

