010 111

11100010. 1. 0881. 0000. 800. 008·
0808088701111011110 purpura!
11111111 0110 1100111111. 080 eui, 01014·
mo ademptum, Polyphemo 8. 008

1111111110 101 01011100 111 pro 0011111Ᾰῖ
1 0 8013 8-0503 0330 010080
Αο.1.,8308 0000 8000 807300
0. 0000001040011 10 410111 ·’
8. 011 8. 188 10. 018 007 003 700
11. 818 12. (13 173 3101100111 1111011111·
1100. 180 1101111110 100 *1110111111 ¹1¹

gengulfi. 808 spectans orientia 00110 Ἴ

110000. 4. 4101111..0.110.111111
04101110101040. 0101000 1
130 8. 153 000 m 8. 008 10. 8701 ·.
18. 113 930 0111110 die, 0. 300 de· ,-
1010011104001001101810 h

111010101011111101100. 173 1001110 totum·
pererrat Δε41001110011110,0.000 fl:

1001101ιῦ 1. 8818. 07111. 8. 0087 ¹1:

10010. 1. 870 303 380 0073. 337 388 11
’10018100101 10

1011100. 8. 078 10. 0. 000 3, 005 0. .’

1111101011. 8. 88 Lm. 700 8. 800 3 111
087 0. 1113 0. 270 0.·10 11. 003 1111

lunasque 0111000100 G. 1. 080 m

1110111110 1101111111. 1. 08011. 003 111

10011. 078

1111111118. 031

10001110011111110104140111111, G. 3. 808 111

Lupercal 10. 8. 303

1100110000108. 003 11

11111111. 8. 0010. 8. 800 7 088 11. {u
081 u

100101111111111 1 70 . 111

111110 11108111Ὧο001 087 L

11001100100107 10. 3. 008 7.18 L

‘ luposG 1. 890 03 L

1011111111 8 038 87

1100014101. 1011 0011110110.

3. 037 10 8 0856011 811 14·

1011111 umbo 0110 0011111011, decep 010111 L

0180111010001040011111110110001010 L
10. 8. 330 L

1001101101ηο postommG. 0 000

1011110011101111101011110 1. 30010111 L
1001010011 11. 087 L

1001111111111110 0. 07110 3. 00710 L
1110.1011101101111011.070 L

1111110011πο001110,1101’0111·10001, (10.1.Ι
01111110000011111111110 101101 1111010 L
1010111001 0111010100010101,0. L
081 1011101410 101110 0110 dies 11011011 L

χ 7 1081101100 0011008. 103 . · L

lustrabimus agros Ε. 11. 78 L

 

