101301111000011 133 ·

001011 011111 B. 0. 11 upon 11111 turre· 2. 1101. 00 7. 100 11. 10011·
111. 170 101
11111 junna 1111113· 3, 111 Μία 11.. {utribus 01100 1101. 1371110 170
1110. 110 070 077 10. 111
1011101· mm 2011111010, 2. 100 {unigenae anu-nm. 031 11101010. 013
111 onnia 1111, 1, 1117 turrim 1. 100 10. 073
11111, m. sm, inungo 1. 30310111. 11117110. 301 1. 030 010
uu· 1010111111 11, 100. mar. 7¹& turrita 00110111111111011. 700
111111 1. 210 1001 0. 031 11111111001111113. 030 -
>idun nunu 1111101. 117 111013. 11111111 puppibus 0. 013
00111111 ,10. 0. 010 11. 003 000110 11171110. 1. 01
urget 0. 110 1111111111. 070 Tusci 1111111101. 10. 111
11101, nm, 1111111111, Tusci, 111111.. egere 1101010, 01111071
107111111111111. 10. 703, rorem, ’1111011 oti! ¹⁰· 101
Ι. 7101111101 11. 011 ’110111111111111 310 111110301-
mssssmmawfflmz mmm
11 11111111111 11. 1111111 71111110 11111111 11. 111
10 031 Tuscum Tiberim G. 1. 111
ini· 10, 00³ η, 92³ 1111111 11111οΙ1 3. 117
11113.17000.1.01010.00011· ¹⁰1⁸, 11111011.. 11001 01. 1. 0771101
101117. 370 spelunea 0. 133, 001 11110 E. 1. 10
011111 polluite 9001111171. 7. 101111· , 10111111. 3. 337 mo 10. 300, plur.
1110 1111111010 111 010 1101111.10111111111.1030. 171 onnia
100 011. 0000 11. 103010 1- 037 1. 300 111101111111 1. 00
1110. 3. 171 ,10. 0. 000 10. 1011 10110 716001101111111.0011ομἰ·
10 11. 011 010 111 capitum 7. 031 0111110. 00711110·
110 7. 121 1010. 111001 10.·011 hm ⁰· 300 0110111111. 300 1111101
1.· 173133 001 1033 00 000 003 Ἠ· ⁸7¹
ΙΙ 000 . 111111, apes, G· 1. 113
11 7. 011 000 11110 o, 1130711011 110101111111111 110. 0. 101
mmmmmmmeWmmw
nmmuwmmnmwmfflwmmv
nmmwwmmmmmmmfflssw
101100 171 711 1. 11 1 111-111111100111
0111 111111 11. 110 111111 1111110- 1. 111
0 000 11, 121 22³ 37182512 0, 1101101111οω 1011011111.ψο
'ss 103 111101 031 701113 ¹1· 117
lm 7. 131 0. 0111. 3 730 1075110001, quo 100011011101 1011111111 3. 377
1 111111 111 111 11111. 111·1110.,10011011011 11. 11. 111
1 111111. 11111111111π115151ἷ1111111111 111110 nauti: 0 1. 111
'¹1- 00 113 173 377 733 1.1 1010,011101·1., 3. 33311111 1011111,01··
47 111111 1111111111 111111 11, impuno 1.. 11. 111, 111111,
· 7171111110111171110 111 portua. 11
017007 07711.οΙ 1311111011 tutos 0010111001 1. 070 mm mom!
⁸ 007110 131. 101 1101111117 1 13
330 110 003 001 0110311100 lulum ¹⁴! 0111001 1011111111ὡο. 010 ihr
7107111770 107 113 0. 001 111 11111110 1. 000
nemiuem 11011111111111010 11111 111111 superate 10111011 Timavi 1. 117 11·
uem 1111ςυί110 eupillo· 10. 031 01111010. 0. 013 1111111101 111 111 otiu
eaput 0. 1. 11 1. 111 -
· concubitus E. 0. 13 racemo· G. 7111011110. ¹: 000
Bo punga· 3. 1011Ιί10, apes, 1111111011 10. 1· 17 0110111100
U 01111111. m 711111τί11100. 373 7. 717
mecho G. 3. 10 1100 3. 037 for· Tyberim 1101111111 ,10. 033
100111. 1. 1111 cupidine 1. 111 Tyberim» 11111111 11. 111
nembro 011110. 303 1111011111 7. 30 0. 311. 133 [101010.

101101 01111 egestu. 11. 1. 1. 111
1 · Tybri 111111 10. 111

 

