10131001011011 003

e. sama, qm 1111111911 11111 111111111111111 1. 0371111111110. 221
alicujus ptr 1111 1111111111 1111111117.001111117.000 01111111 0.
:. 3. 780. 2711Ι 3. 07 ,11. 3701111111 1111111111,11·11111111,0.172

2. 00 003 0. 7307. 00 271 1111111111.100111 1111111111111111111,
1. 831 11. 008 12. 220 ’111111111,12.313
11. nunc. 1111111111 11101, nom 1111111 G. 3. 100
7737 712 111111111111 111. 0. 31 11111 12. 011
t. ³. 100 G„ 1 137 2. 103 111111111111110.07

30 100 11. 3. 0110. 027 1111111 ferro 11111111111111 padum 12.

337 11. 80 12181 170
’1. 3. 200 0 330 11. 2. 338 3. 111111 paludes (ἰ. 1. 303 111111· 3. 231 11-

303 070 3. 117 710 0. m 111 010 0001111111 12700.

18 770 7. 007 777 0. 121330 111111 1111111111 ς1111111111111111173 100
’2 0100. 313 11. 731 81012. 11 nomina 1111111111 111111 ,11. 3111

12 0211 111 nomine 11. 1. 201 11111110111 3. 010

17 2. 10 100 1. 172 0. 7011. 1111111 1131111111111011111 1111111113.
11111111011111 0. 723 1111111 1111111 Ε. 3. 00 1111111111 in 11111·
1111. 1111 111111 1119111111 111111. 1 11 fagi 011

1, Lunae G 1. 280 11111111. 111110111111111111111 11 7. 203

12 ,11. 0. 01 1111111111111111111111,11111111,111]111’11111111
11111111 0. 101 1191111111 11111111 1111111111, 0. 007
G. 1. 111 111 1. 1. 1111. noti 1111111111 1111

3111 007 0. 77 11111111 11111 111 1111111111111111111111,]11-

2. 11 G. 3. 103 230 1111111111, Ε.3.07
11111111 1. 22 111115111101011111111111111116.3 m
Mm? pro, 11111111 11 Ε. 3. 20 111111 vocibus 07.1.000011111112.012
11111111 11111111 , 1111,1111111·1 1111111111 1111111111117111111111.

20 Nola, 11111111 111 uou'beealio 1111110, 1.
111 componere 11. 0. 317 070 0212 7. 311
11111111 1. 121 Γ G ³ Μ 111611651111111.. 1011117100 1111111111 11.
111111 11111111 . .
111 bonu 2. 030 autumnus 1. 000
11111 nec 1111111111 ,11. 1. 33 111111, 111111,3. 01210200 11. 700
1111111111 0. 001 12. 331
111111 81111111111111 11. 708 11111111·1101110.013 111111 12 730 111
1111 incanaque 111111 regin 111- quid 111111 foemina 111111 3. 0
1. 000 11111111 11111111, 011111· 11111 1111111111 111 1111111151 Daphnin
12. 070 E 5. 0311110111,ι1ε1..1111111Ε. ¹. 303
111 lonii 1111111 11111111 111111 0111111 2. 11 1111110. 300
100 Notus. .111111,0.1.111111. 1. 80 112 2.
. 7. 21 Ae. 2. 100 1. 307 7. 017

non, 1111111111, 1113111111 Ε. 1. 7.
1111111111 11111111 egen-imme experientia G. 1. 310 111 111. 1. 130

111111 viri 10. 3. 3011111111111111111

111, E. 2Ι 7 G. 0. 320 ,11. 2. 0.10οΙ1113.110731611111 11. 130

237 7. 203 130 8. 011 1101. 1111110. 3. 370 formidine 0. 307
1 331 3. 108 0. 000708 700 1111111 111. 131 fronde 0. 200 1111
271 10. 181 12. 137 011 1111 7. 177111010. 0030. 003 10. 310
11 111111 111 compuncto 11111 Ε. virtute maele [1111001111111111111-
¹ 11 12. 31 111111.111111.111111112. 3. 00
»m sm, voluptas G. 3. 133 1111111101.1021111111111100111110111
imago Ae. 2. 773 neque 1111 3. 210 011110. 02011111 7. 3031111

’.0737111101 1111 1111111111 12. 10.33ρς111111110.123

101, 111 1111 111. 2101 regio· 11111. 111111. 1111111001110111111.
111111 2. 737 , 1111111. plur.. 111-Ι 1111 117. 1. 301 370 11111 12. 020

E 1 3211111111 (3. 0. 200 11111,11111111“11111111 11111116. 1. 71Ι

11. 1. 073 111111 petens 1111 1111111 huc 11111 111111 Ε 1. 71

 

