100161110111111 063

361 sutis 1111 1 131 10111 1111011101111101 11703
1. 3. 370 1111111610 terga 1116131111611111101111. 17 1111111111
11111113. 631 armorum teg· 1110111110· 11. 1. 636

617 1111111111 0.6.130 Ae. 1. 631
1111110111 0. 6. 116 1010011111 quo qunque modo 6111111110.
1110111110 11. 1. 13 emmi- 1. 171
11117. 13111611111811110 restituis rem 1101111 cunctando 1716366
itura 1011111111 3. 333 1116 1011111111 cono· 0111111011 6. 1601011013.
111 nodos 31. 11. 607 306111110111111 1111 10. 330
111111 G. 1. 333 1111111111 offensa 10111 imago G· 6. 60
1111111110 docos 11111111. 1.1“1 resupinus 1110101 curru 1111. 1. 630 in 111·
03011601 1011111 Ae. 6. 063 003. 616
11 1111101 6113111016110 111115111111111111011. 631 Ι

1 resurgere 11101 ’1101111110
1111111110 11. 617 111111111011111111 .3. 163
.. 607 11. 630 roseolis luco 1161111. 3. 661
nguine Teucro· 7. 617 1101101111111111.371

11111111111111. 3. 101 11011111, mum, 6. 173
issam 11. 1. 711 111111100111111111110111111.1131111111
1. 101 Ao. 0. 333 11. 671 1111111.1111116.66
1111 1111110111 1.13 1111111 soclus 1. 360

1. 616 1. 171116 11111 7. 1011111111 1111111111,ο1611, 11. 703
bello 111111 11. 13 11111 11. 3. 76 6.600.1.307 3. 113 Ae.
:noenia 6. 3 . 6. 131 10. 710
mus ι0111101111 0. 1. 113 11111111110.1.166613 11. 1 630
,10. 3. 633 1111110116663

1161 11111111310311111111111111 111011 10. 303
116136 6. 103 6 613 3. 100111101111113.110
6621111111111111111111110· 1110;111 curru· 1111111111 111361111111111
1. 600 0. 736 10 163 11101101111110 succinctus 11. 600
1111111ρί1111101111113. 313 1111111111 ferrum 10. 336
[1111111111016 11. 161 1111111111 quid jem 711111 11. 333
omniu 11010101031111 11011111 1111111117.636
itm, promum, 0. 1. 6611- ’1111111001 1111111. 11

1. 683 11011ιί11111 peden 111111 undu relabens 10.”
pmii 61. 7.6 307 , -

3. 61 1111111111 , sequnntur 11116 1111 1116111111·
11111 1001110101 0.1. 17 trahunt-{uo 6. 703

1111111111 11111111.6.161111 111110. 106 11361111. 163 373763
11].01ι6ἐ.676” ’ὲ ᾖ) 6131113630 6. 663 3. 331 633 736
1 11111 . .

,1, 111 11131011. 1111 11., ,mma trevis Ae. 1. m 11. 1
. 101 0136 663036 10. 33 ramnum relegam 111111 1111113. 636
110131 13. 111 1111111 11. 603 3. 31311111ςί1 111 nunna
101-11111111111111111011767 decimum, 1111011111, 11. 133 in 11111·
1116111 6. 733 lut 11. 616

. 316 · 1011110110, 1. 301

E. 1. 66 61. 6. 671 1111111110601161111 61. 3. 37

a vulnera 10. 13 1111111111111111111111111111111116.111
111111ιί101111 1. 633 vix 11161 6. 366

Latio 31. 3. 371 revenit ipsum cun 111111 111113. 661
11111111 11. 101 011111 111 adice 11. 737

1. 3601111111 111111 111111. 1111111110.1.·1110111111. 131

...1111111111 16111111111161 1111111101 igne· 111111 prinum colligit

1011011111 nonen 6. 3161111οι1 buu 1. 1117

bus 10. 367 quid denique 11. reverti 1. 311 61. 1. 760 3. 101 6130
111 corpore 6. 710 in corpora 6. 761

 

