101111110111 ’ 111

200 203 0. 330 002 111. 1. 00170 1111111101111111011113-1000010000030

000 002 2. 207 3. 2310. 200001 111ὼ11,011311101111, 20007. 70 ’
. 0. 0011 0000. 707 7. 101 300 0. 11111 1111017111111011110110111011.

200 001 0. 301 10. 13100011.110 300

130 707 11. 00 110 111110. 180

ἰμω s. 1. 111. 1. 111 1171. 111 11111. 7. 11 c. 1. 117 11. 7· 11111. “

AE. 1. 020707 2. 100 270 002 070 770
020 000 000 3. 100 000 000 0107 Ilia, Romulia Rem· 111101· 1. 270111·

2000700. 703 7. 200 320 780 0. jeci. 101 1. 272 1111010. 770101111-

100 207 003 010 000 0. 70 120 100 0. 280 11. 200
111 m 1111711111 177 171 11. nicee urbis 1. 131
111 111 111 nim 11111 1. 111 1111111. 60⁷.-
3noecunl 11110. 00 ciem 10. 030
gneus, Sol. G· 1. 003 0. 020 0). 0. 07 Iliam 11111. 1171111111000111101
1111111111μο.7307“1101111,111011, 0. 337 101101 1. 01011111 11. 0011
11. 700 1111111111οΜ 2..031
gni 0. 0. 01 G. 1. 100 101 207 001 iliacis 0111111 1. 101 10. 3331111111 1.
3. 370 0. 200 111. 2. 210 312 001 00101013. 102 0. 720 ludis 3. 80
000 0. 2. 0. 7017. 002 0. 103 11. 111101 1113111100. 11. 303
100 < niaco· 171111 1. 007 0011111000311·
3uilim G. 0. 37011. 1. 00 1. 000 3. 011010701111110021311111100
1000 3000100 0. 300 370002 1111011 1. 0013. 00
11. 100 200 {lindum 2. 000 0. 010 7. 200
1111111 m. 1. 111111110 711 11. 11111. 1. 111. 117 11 11 a. 111
103 12. 00 ΔΜ. 0000.1200.2000.301 1110101
13111111. 3. 00 0. 03 7. kil-G. 1. 337 ilicet 2. 020 708 7. 003 11. 000
2 301111 ³. 111111, ‘2⁶³ AE. 2. 71113111 G. 3. 11133111. 11. 13
[1117117117. 177 1. 111111 11. 3111101. lua
l 111 171 mgni· ..1111111 1. 111
ignobile 0111111 Ε. 0. 30 gramen G. 1. 111100. 0. 001 -
03 vulgus 01. 1. 103 illone, 11111 Polymnestoris, 1. 007
ignobilis oei 01101110 0000111111011. 1111101 micum 1. 010
l 3110110, 7. 770 11101101 120 7. 200 0. 001
l ominlnm 111111 gemm G. 210 11111011 1. 020 003 7. 112 0. 000
&oram 10. 12. 021 ilium 1. 72 2. 201 320 020 3. 3 100
110 mene juba 11101111 0. 010 . 0. 700 0. 00
wile, 11 ignomin 11111111 7. 202 illo, ille. illam 11111, illae, illl, 11111,11·
1311111111 nimiu mlre'n G· 2. 203 lim, illo, 11111111,11111, illul, illum,
τς1111001111111103.00 . puscit, 101 nullo 1111111111 101111.
mandamentis 0. 000 illabere 11111111111111 3. 30
'amm manuni nis-eal 0. 400 1111011111· melite 0101 1. 210
gnon, 11111. clay. planities 11. 11. 027 illacrymans 0. 303 10. 020
001. in 11011 0. 071 11111117, 107 illacrymat 1111011111 templi 1011 G. 1.
100110. 000 1101111. plur. 11110 ignum 000
loquor 2. 01 1111117. 110 1111111117. illaetabile murmur 111. 12. 010
137 bell· 11. 200 “ 111111101111111011 ni 3. 707
'nolte 1011110. 700 illaudati Busiridis .3.0
(1111111111. 312 viu 0. 113 illecebris 3. 217

‘noli 11113. 001 11111 1. 00 00 2. 207 201 2. 071 3. 302 ,

6110111110. 3. 210 1111111100. 10. 01. 1. 210 2. 703 0. 020
00 111111 11. 070 illidilque 11011 110. 1. 110

μου ponii 0. 3. 70 camporum in pul· illine G. 1. 000 3. 207 00. 0. 002 “
vere 01. 11. 000 lllyrici 1011111111 11. 0. 7

'gnotus pce 11111010. 0. 00 011111οηί111 11. 1. 207

ῂη11111 aequor G· l. nongenti 111111 illisa, 1111. sem. pron 3. 200 1101 7.
011111 00. 1. 303 10 1011101111111111· 000 vadit, 11101 pila, 0. 713 10111.

⁸ 110111 1. 00 capulum 11. 730 plur-seopulis 10111110. ³. 201

Μ 11111110. 0. 101 ipse 11. 1. 300 illisit in 1111, 101110, E. 0. 000

 

