1111111111 111, ’

3784 8787. 888 8. 83 vitu G. 4. 884 11. 8. 888ι 433
471 470 77710. 318078 1111111111 11111111 8. 433 ,
1 807 18. 388, 1111 Ε. 10. 40 G. 4. 808
838 , vitet¹ 111111 3. 380
1111111111110111 G. 1. 188 vitem 8. 888 407

11 nb inguine 3. 881 11111- 11111, nom„ 8. 8. 48 G. 8. 0107418, ⁸.

1. 111 ωο.,1.1.11,1.111.1.11111.
. 3. 88 ,11. 8. 817 101873 8004 331
G. 1. 108 4. 37 8113. 1710. 1. 888
10. 887 808 11. 14818. 1111811 Ε. 8. 32 G. 8. 881 833 307 410
1111111711,1111,1. vitio 11111111111111811111181 187. 87
1011111ἱί110. 8. 483
1 11111111 111 1181111111 111118. 8. 70 3. 38 8. 38 7. 81 G. 8.
..11111 11. 1. 111 111
08 4. 887 887 3. 810788 vitisator 11111 11101118. 7. 178
7. 83 40818. 147 neno. 11111110. 1. 88.
,478 ,11. 3. 804. 481 8. 1111 1111111181. 3. 387
11111114 Fucinus 7. 788
11111 1111101111 8. 887 vitreis sedilibus G. 4. 380
880 4. 308 888 Ae. 1. 818 11111 Ε. 8. 84 G. 3. 487 111. 4. 837 8.
03 0. 808 833 7. 374 8. 888 7. 418 8. 188 10. 838
vium 8. 8 133 180 7. 388
188 10. 787 110118. 188 881 808 3. 370 3. 837
10 4. 41 403
808 viui. ὦ. 8. 84 81 8. 303 8. 881
1118. 4. 308 vitula 8. 3. 77 170 11. 4. 840
11. 8. 83 vituium Ε. 3. 88 48 88
1 8. 187 vitulos G. 8. 108 3. 187 184 4. 434 111.
4111 8. 480 8. 778
111ιί111 3. 178 vitulus G. 4. 800
unguine 10. 787 vin, 1114νί plur.. 1111111118. 87 111·
7811118188· 3818888 0818
8. 818 388 8. 008710 1111111111118. 7. 3011111118. 2. 181
447 11. 871 11111811111111181. 10. 880
11111111 (1.4. 38411111Ιί- vivendo vici 11111111 11. 180
488 mihi 111111 1111111111 vivens 111111 111 10. 848
8841111111 11111111 gen· 11111111 10. 818
. 8811 111Ιέ 4. 488 111. vivere 1. 8887. 7481. 313
1111111111 8. 4031141111 vivi pervenimus 8. 8. 8 11111. 488
73 111111, virtu· 11111118. 8. 784 81111111-
111111 uhi.. G. 8. 88 111110. 008
,s AE. 8. 108 vividus 11111111 18. 783
surus 1111 viso 8. 873 1111111173. 311
ι. 111, 8. 871 088 738 8. vitm. 184 384 8. 488 11. 111 pem·
,18. 814
‚ 8. 808 3. 38 4. 877 11111 vitium legando G. 3. 434 nub pe·
73. 11 4. 88811. 4. 708 11111 vulnus 114 87118111111111-
1111111111. 111111 111111
,888 111111 401118. 8881111114 4111141 ³·
18. 4. 380 ,11.3. 488 788 483
10. 48818. 180 1111,1113.,8.87810.888
1. 388 1111,111111.1111 1. 171 3. 0881111·
10.1.131 8311 3. 847 111.78801111112.710
148 838837 841 3. 318 1111111111 111 11111111111111 8. 844
880 8. 830 817 8. 803 vivum, 111 vivum 1111111111 imber G. 8-
100 877 8. 487 887 704 448 qni 11 11111411111111111. 8. 831

111111 11111 8111111111111111111
. 74

 

