' 10010010000 100

1170 010001000000010010111011. deficeret 00110 10. 8. 331

perlem 1011 succedere 11. 70100· deficimur 11. 121
n 111110 11. 700 0000011110 0001010 1011011 000111 11010010. 1 200 segnior ru·
810 mure 1101011100 0000110111 12. 0113 08 1302110. ’2. 001 Dido 1.
nidorem 110001 ambusta 12. 301 780100101011000 11231 primo 010110
. 01000 12. 311 obvia 10010 pecto· 000 1000101011011. 113

2. 1110 1011010 d curru 00110 12. dedignor 100100 01000 G. 2. 200

vidam 0010001101 12. 870110000οἰ defigunt tenure 1100100 ,10. 12. 130 ’
11101112. 70110. 028 7. 323 171 10111 mihi 100 Ε. 2. 22
’11 10. 033 12. 81 111 101110 010110 G'. 3. 110 001010 110 Ae.
01 1110000 Aonio vordero. 3. 11 7. 210
10001010 001310011001001 3. 122 1011100 101100 1100100 d 112
1101000001 010011. 111 0001011011· defini ore tenebant 11. 120

nomen. 10. 10. 118 101111 1010100 regnis 1. 230
10 1000111100 00110011. 8. 71 100001 defim 1100101 10 0111010110. 1. 100 lu-
1 8. 00 0100000 G. 1. 211 011011. 1011111 8. 110

terrun 01 eapite 2. 311 10 101. 1011010 1000111100. 220

10. 2. 800 1110101110 1011110001 1. deflevit 11. 10

10110111 1010 10. 331

101 00010 0010100 Ε. 1. 1 deflueret 110110 cerm 7. 1911
0100100111010 10. 8. 71 1. 308 1011011 00100 00101 0000010 0. 3. 117 10-
7. 202 ¹ 1111 10. 8. 018
1 G. 2. 233 urit 101110 01 1. 100 0011011 01
reret ceper 11. 7. 7 1011001 010 10111 11. 101
erre fug-e 110. 10. 878 “ 1010010010 01001 12. 801·

11 00101 G. 1. 281 10100001 1011001 macies G. 1. 2111 pu!-
10 1000 Ae. 11. 2 1000 0011111001 10. 10. 811
000101011011012. 211 1010011110 010010 G. 1 178
100111 101101 G. 2. 178 1010000 1010010 argenti 10. 10. 120
e furorem Ae. 10. dod 1010010 specubus G· 8. 378
endum 0011110 0111001 11. 881 (0100010100. 2. 107
100 re 10110 2. 117 rerer 11. 111 defringe ex 0111010010οω 2. 300
00 0. 111 1010110 00210 0. 133 10. defringe 10110111 numme 011 11011010. 11.
murm 12. 181 10010 127 718
1101οΙ1 0001111010 0100 G. 1. 118 1010010 , 110011. plur. G. 1. 200
1100100110 drmit 0 111
rer erm'n 8. 121 101011 2. 711 7. 078 12. 013
11 aprum 00100 10. 700 101000101110 corpore G 1. 171 10. 0.
ite 1021111010 penori 11. 7. 17 re· 308

Ae. 12. 211 defunctae 00110100 00101 0. 08
01 frigore 01101οο t, 7. 8 10100010 perindie, 00001. 8. 113
ι, sem. 10100010 ripere 11. 3. 111 1000001111οω 0. 2. 10
’0. Pergam 10. 1. 202 degenerare 0010100 1. 108
r tenebre 00111 8. 118 degenerem, fidia Ae. 2. 110
1111101 2 1121 1050001000111001. 13
001 00110101100111001000 12 137 degere 111010 eine 01101100 1. 111

010 , sard 2. 207 degustet 1011000 summum 1010000 eorpus .

dompetram 1. nd 10 uelim 12. 378

001 1. 730 1111100, 60191. G· 3. 117 10. 3. 111
rin 110101 putem Ε. 8. do 1. 722 8. 88012. 87 1110110011 1. 180
llll! nm ‘d hfliss· 1200 ⁹· m 2000·07⁸'1·d⁸0

rr 01 0110010088 11000101011101 1. 11 10. 171 12. ·

1 ΜΒΝ G· ⁴· ⁴³8 ⁸8³ , - ,
mere. 1. 1112ὣο181 1011110000 01110 1. 10010110 8. 213

re 7. 120 1011100001 1101011100 8. 02

, dubiis 00 defice 10000 1. 100 10010011 aequor 1. 112

Ὁ ἦιἪπῖωωθαιπῗω οωι1π1ω (1 {iffl'iwdu 3
00 01100 .. affer. 0.. . .

 

