1011101011011 011

111.. m. 1... νοω.. em· unguine turn 1. 111111 11. m 111 mimu-
00 οΞ 011 sun 0. 0100 mugitibus 1010110. 100
'finam 1111111110. 1. 001111 0111111110· 1111111 0. 000 111101 1111111101. 111
¹ 11101.111011111110101111101 111111 11111111 1. 700 0111111110·
1111 11. 111 m‘ui· 0101111 0. 001 uine 11011 1111-
1 amur violae 0. 1. 111 111. Ae. 1. ..ιω 1. 111 11.. aquae vi· 1. aas
¹ 700 eontra 11110 001 1011111110 0011 11.
01100 0. 000 000 111101 11. 007
'rum 0. 1. 111.1..1.1111111.111 tumr 1. 11. 1101. 111 1. 111 10.
·³ 111 1. 111 111 111 1. 111100 1. om.
0111110 0. 0. 100 0. 100 Ae. 01001. 100 0. 700
100 001 0. 000 007 010 0. 0707. 01 furore 1. 100 0. 007 0. 000 10. 00
0010. 071 0. 000 01010. 001700 00101101 0. 101 7. 000 10. 000 11. 001
11. 000 011 000 11. 000 011 000 001
1111111111000101 11. 1. 000 01101110. 0017. 000
0. 0000. 100 010 7. 000 11. 010 1111111. 01 000
100 furori· Ε. 10. 00 AE. 0. 700
00111111 01111 7. 007 11. 100 furi· 0. 0. 000 0. 100 01111 11. 010
01111110. 0011 010 11. 100 furtim 0. 1. 701 Ao. 1. 1010110000.
0111101 0. 070 0. 770 0. 7001 077 0. 000 11. 700 “
fumoque 111011 7. 010 01101 0. 1. 100 „
fungur 11111111 0. 000 , furtivum 1111011111 Ao. 017111110011111
fungo· 0. 1. 000 edidit 7. 000
01111111 Ae. 0. 010. 001 11. 00 07 00110 0. 007 0. 10 000 0. 000 10. 700
111111 sm 000101 'thori 0. 000 00111111 111 Ε. 0. 11
0111111, sen. qum 111111 7. 2³ 01111111 . 0. 110
0011111110. 1. 100 0. 000 0111 vin· 00. 0. 000 1110011110.
furem 0. 0. 007 017 “ 0111 oenum 1 . 101
[mm Ae· ¹. 000 1. 010 0. 10010000 [uteie 117. 0000 000
11. 700 001 1111111. 000. 01000. 00 [uncum 111110 11. 117
tuin· 0. 0 11111110 0. 101 unitis Τ]- fusus Amynta Ε. 10. 00
1011101111 11. 110. ’0111011 11. 000 virgo funi, plur. per 1111111111 Ae, 1, 110 0. 101
11. 701 0.10101100111171110111101001
1011111111 reginum, 1111111111, ,101000 sedili· 11111111 0. 007 cauli 0. 000,
· 1. 1110 cudo 011110110111 1. 000, , noesuqan', 11. 000
manem, 0. 00 0101711111, 0. 001111- 11111 11111 dixerunt 011111 0. 0. 0001111
lit 7. 0001101100101010. 100 1111111 Ae· 11. 000
furentes, 1111. 11111111 ,11. 1. 1101111111 1011 olivo ³. 110 001001107111113111·
0. 070 aee· 0111101010. 1. 0001111· ue 11. 000
10101. 10. 07 11101 0111011 10. 070 0010100οω 7. 0110101101 10. 107
equos 11. 001 001111 per 1111οι11 0. 1. 017, :aq-1³,
0111110 1. 771 0. 010 0. 100 0. 100 0. Ae. 0. 000 propexam 01 putore 010
001 bam 10. 000 ’
0011110011 ,0111111 11. 1. 00 1 000 smilis, 10111101 1011 tutin· 101101 11. 000
furenti· 11101111 1. 010 glaeie· 11. 710 ·
1011111111 juvenum 11. 1100 0011111, sem. 101. 1111111. 000 0. 700
[um 11. 000 1111111. 1111111 11111 0. 11
011111. 11111. Ε. 0. 10 0011111, Ι11101. ab 01011100 1111001 0. 010
01111111 mulum serpenti! B 7. 070 101111 10.0010111.0010,11101·1,1.’710
11111111 nuenbr- 7. 010 ¹ 10111111 11111111 egregium progeniem 7.
0010111010 ³. 101 0. 000 107
[urin 0. 0. 00. AE. 1. 00 1111111 1111111 in pm genta 11. 000
0110110 1111111. 107 000 0111111, ...1101111111011011111
tantando, 1111.]1111. 0. 000 7. 000 upa 1111111 0. 000 plur. 11010 1111111
0010110. 0. 011 Β. 0. 001 0. 0707. 0. 010 ' ' ¹
111 o. 111 m 111 1ο. 11111111 111111ορ111... ..11.μο 1. nm
11. 101 010 000 ’ 101 1. 000 regnis ¹. 000 01111 1. 100
11111, 1111. 1110 111117 1. 000 muro 1111 Ι. 7. 2³ peren 0. 1. 171 ··

01

 

