10888111081111 888

11. 111 881 181 18Δ 81 118 810 Ι1111Ιο1.111111111.8.1.8811117887
1111111111 sundino. 8. 188 reguis 81. 1. Ao. 1. 818 8. 887 11). 288
188 11111ρὶ18. 877 11. 188 111118, 1111111 111111111111111111111. 1811 ·
Ι 888 humori. 9, 725 111111111υεῦ- 2. 188 8. 188 Ae· im„
,111111 1. 1111 111111. 11111111. 111 111111 G. 1. 111 11. 11. 1111111111
³22 111. 11811. 1811 18. 888 10. 871
ato 111111111 11111 Ao 1. 817 11. ms 1111111111 8. 11881. 11. 1888 8888.
818111111111111111 8. 188 1111111111 878 8. 187
ferro 1. 181111111111111111.8111111111 'Mn' 1111111111 11111 8. 887
8· 88811111 18. 888 1111 vulnera 8. 187
’.11111111 1. 888 111111111111111 11111111 8
..11111111 8. 101111. 881. 11111111. 8. 8111111111 pro, 1111111111, 1. m 871 8. 111
virgo 11. 887 1111111111 1111 1. 888
1111111111 1. 18811. 10. 1081111111 lavim, 1111111. propr 7. 88818 81181
G· 1. 822 Ae. 8. 8 'lumem ᾖ, 721 conjux 11. 7111 7. 811 12. 17 ⁸015!-
81111111111111111111 1117 7811 17811111 ,1111111118 8118
ntum 8. 181 1111111111111111181111,1111“1111 correptet
11111111· [11111111. 8. 18 lavo, lavis, 11. 8. 881 1111111111 1111111
arantibus 1111111111 11. fl. 78 1111111 811. 8.88811ι11111·11111111111111111· 8. 888
Ι 7188 1111111111 18. 717
111111 1111111 in 1111111111 Ε. 8, 1117 11111, munitum 8 lovan, 111, lavit.
1111111111 1111111111 ,11. 18. 781 producta 111111111- boves, in 1111111117.
11111111· ,11111111 8. 888 888
1111111 G. ³. m ..118417 111111,111111111, E. 7. 88 81
111111111111118. 8117 Lauren· 1111111111 Ae 18 788
neoni· 1111111 11 7 Laurente. nympha, 7. 17 111111, 111τό ,
1111111. nm 11111111 11111 11111111 1111111111 · 12. 117
1 1. 181 Laurentem Tybrim 8787
11111111 1111 111 111118. 888 laurentes 111111. 111111111111188181111-
1111111111 18118 , pi 18. 81818111 nymphae 8. 71 111.
plura 111 11 qma fldem votum operi 1881711111 8. 818 muron 10. 871
1 10. 788 111111111111111118.1111111.881111118.
1111111 11 auxilio 1111 81111111 8. 678 ’
1 1188 1111111111,1111111.]“1111.11111111878811111.
111111. 8. 88 11. 1. 882 81 a. 881 1111111111111. 180 111111 18.
18.81177818.881 1187 111 11111111 6811 agmina 11 888
11111.1081111μ11η.1.1111 811. hun-unibus 1111111118.8871311111.181
1111111111.111111111.11111. 12· ²⁸
11111111 1. 111, 11111, 11. 11111111 Laurenti· colonis ⁷- 118117- ¹⁷¹ ¹1·
merl! pugnae dum, mm. m. 7811111 7. 1118 71117117. 880 1188118881.
nan, 11. 111 11, nyss, 11. 111
1111118111111 11 1111117. 188 Laurentum 8. 871 12. 1 878118
11111, apeme, iu [onte Β, ³. 11 111111 8. 1. 811 ott 111. 111 111111
madi 11111111 gestire G. 1. 887 ,1111111 11. 8. 18· ,11 8 81 8. 818 888
111111 corpu· frigenti· 11 ungunt 81. 1. 11111111 E. 8. 81 8. 18 81
818 1111111111. 8. 88
111111011111111111111111111111·11118.881111111111. 8. 18188 AE. 2. 1111 8. 81
rapti· 11111111, 11 rapta 11111111, 18 118 7· 118
11111111111111111111111111 Ε. 7. 87 um 18. 771
1111111111 1111111111 lucen 111. 11. 118 lami 111· 863
udilo inge-ntia mn 0. 2, 818 hmo 10. 1811 71111 11111 811 1188
11181111 11111111 11111111 E. 8. 88 lanum ¹⁰· 11111811
11111811 888 1711. 888 m 18. 11111111 7. 818 811110.818188181788
18 findani 1111111 Teucro· 1. 888 808
tude-nc 8. 888 81. 8. 8811. 88 8. 11111111111111 8. 881
888 11. 788 781 18. 811 111111111111111111111111 Δο. 8. m

111111, verb. 11811 u quod pocula 111· ' 1111111 1111 11111111. 8. 881
aa 1. 1. 11 fluum 11111111 1111111111.. 1. 111

 

