1061111110111111 766

1667. 661 6. 66 11 666 oripo, 111111. G. 6. 167 1161111111 11.
1. 166 sugam 1. 616 111 Tanarum 11·

. 1671171666 7. 166 6. 66 1111. 666 1111111111. 1611111
31 11. 666 667 6716711766 hi· ml'u 6. 6661111111 11111. 16. 611
61166 666 666 666 661 stultam morti 11. 167
6. 66 111 166 6. 666 Aa. «111111111111111, 1161111111, 6 6661111111
111 1 11111 11111111 11. 111
11 11. 676 666 666616 1611161111 6. 666
66 111 Ao. 1.166 616676 eripiam urbem 2. 666 111111111111111111
6667 6. 617 66667.. 671 6. 161
716 781 6. 6. 667 6. 666 111ρί111 hine 1111111111
176 777 16 667 671 Ι1177 1111111111111111111711111117. 66616111
1111111 111 11 11111· 1111111 11. 111
67 611 666 616 766. 116ρί111 prospectum 111116 166

16 Ae. 1. 661 6. 661 16. eripit 1111111 ugia! 6. 676 16. 666 eu·
16716761 776 tem 1 femore 16. 788
nm, 6. 1. 661 Ae. 7166 eripite, 11111 111. 6. 666
1. 16 616 11. 116 666. eripiunt 111611 1ω1111111611111111..61
166 6. 666 Ae. 2. 116 666 vinem, pecult'bue 11. 116.
66. 616 6. 66 11. 66 666 eripui 111 11611 1. 16161111111111116.
1. 616. 6. 66 61616111 per 6111111161111111111.
111 esitio G. 6. 611 unta un genero 11. 61

Ae. 1. 6711111 1. 666 1., 111111161ιί1ιί 1111111111.7661)11111,111. “

16166 671 6. 61611666 M, 6. 666 quin 11 nobb 6. 661111
,61 11111116.16 cerum 6. ote loquentiu, 111111,7.1161111Ιί111
6 1116161111161116666 hi· 6. 116 te 111 dextera Turno 11. 666
111116. 161, 11111111 mihi nem E. 1. 7 non 111111
67 me 111111 6. 61 ni frigius erit 6. 76
671 Ae. 6. 11 6. 666671 huic 11111 mercedi· 1111 6. 16 Ae. 6.
7 ’1. 166 ’ 661 quidquid. 1111 6. 7161111161 111111
sen. [meatim 7611 gu· 11116111 Ao· 1. 66

vla, norm ‚ 7. 61 11116 errabat 1111117. 661
1761111116111111111. 161 errabunda 111111 vestigia 6. 6. 66 ,
nm 111111111ιωὶ11111 m· 11111111 Aa. 1. 667 in 1111111 6. 166
.7. 166 errando in ontibus G· 6. 666

ini· 1. 616 conjugi· 6.. 666 emm 1111111 campo 1. 11 1111111111.
ruiu³⁸ 11111111116. 676 pur 16111 nutri· Ao. 6. 111

11 1111116. 6. 166 in monvbmgnu 11.
16. 676. 1. 11 circum 111111 11111111. 1. 666
oren& 6661111111 11. 766 1111111111. 666 centum 111111 6.
Μὴ ΑΟ· 6· “w ³⁸2⁹

11136,61111111111111,7.711 errantem 11111111 Ε. 6. 61 si 1111111 a»
’111111 mm, 6. 676 rorum 11. 1. 6161111111 1. 716 111·
766 11111611111111. 766, onmium, 6
6. 6. 116 76. cervum. 7. 666

11666 , errante· 6. 1611111111 1. 16661116.
vium· 111 G. 1. 161 gemi- 66 11111111. 6. 16

1111111111 cornua 11111116. 671 erranti, 11111, 1. 676 dextrae 7. 666
Ac. 1. 666 crantibus 111111 6. 661

no· Ε. 6. 66 mmm 111 111 errare 11111 E. 1. 61111111 6,. 1. 166
,6166111111 6. 676 malum 6111111111, raum 11. 6. 667 licentius
. 666 11111117. 666 7. 667

116111, 6. 16 6. 1161111111, 1111111111161113. 6. 61

6. 617 11111611ηᾶ161111 11116111 in 111111 6. 1.
. 1. 66 1111161111 111ιί1111 6. 16 1111111111
f. 161 1111111111. 1. 661111161111111111·
167 671 ‘¹'- 117 6711 111116111111. 661 11111111116111

 

