VOCABULOBUM 733

,01001111 rum· 0100101000.οι 1 nemis 01111 0. 1. 101
-001011110011 1. 110 hetin putor 11. ‘t 11. 0. 740
1. 10 1011011110 1001 10. 11.
10110111 G. 4. 140 1111111111 n 3. 441
,0111111 7. 001 1011111111 0. 3. 100 0111111111 11. 1.
,ο 1010111. 10. 400 707 00311. 000 311
11. 300 011 710 000 11 111011 0. 4. 10ωυί 3. 14 0. 100
1701011111 1. 010 4. 401 4410. mit 11. 707
707 0. 00 haud 111101 11 11. 3. 001 111111 ventorum 3. 070-
non 11101 110. 3. 04011. 0130 1111111110110
0. 143 10. 171 11. 3001101οΙ 114. 00 11111111 copula, 0111111110 1. 103
mhi, 001. 11. 1. 110 4. 100 107 1001011 0100 01111111 11141011 11. 000
mathian, 011. 0. 3. 330 10110111 10110, 111. 1. 014 0100111 0.
10101110 E. 3. 40 4. 10 10. 1. 000 710 070
boarum 0. 130 aetinga 1110110 0. 3. 40
Heu 1001. 11. 013 007 mingo 11 [mnu 11. 11. 707
Em 11. 010 loningen 10111111 magian 11101 4. 403
100111 domu 0. 731 adagim 1110110. 1041110 7. 04011·
medere 1. 013 10. 711 1110111 111111 cibun 0. 74 ·
0. 1. 403 10111501101101. 071
madet portu· 11. 0. 013 notingum operi 1111 1101101101114
11011011 11. 107 1101111111 1011111110 11. 4110
nommant 0. 000 100101 Ε. 0. 00 0. 11 10. 3. 400 0. 100
ualeret 0. 070 11. 0001111111 03 0. 130
waleranno. 030 0. 111 1011111111. 70 7. 173 0. 047 moenibus
mendam 1011101 111110 7. 0110 11. 000 fraenum, doum· 11. 000
undem bellun 11. 004 codrum 0. 3. acipiunt mo 110111, 0. 1. 477
4111111111 1111011. 0. 100 1111ρί11 11 01011 potentem tempotum
1000001111 111111 medie· 111. 0. 4. 401 1. 10 · ..
0113133311011 ms... 11333111 131ἑῖὼῖ 01· ³· ⁸⁸³
¹ 111011111410010111111001 AEmn accipient 11101111 0. 300
¹ 4. 131 imago pugna AEmn 11. 000 1111ρί1111οω 110101.104
Mezentius 111 viro· 0. 001 virtulem accipiet 111 ratibus 4. 041 11111οα1110
’ proce, diuis 10. 300 111101 111110· ubero 111111 3. 00 10 0110511110 1.
111110. 1. 101 000 tecum, consulatum, 0. 010 11-
10011111, 1011. sm. 10. 1. 034 m 7. 1110 dmm Ε. 4. 10
70 101010 4Ι 007 luctu 11. 177 qm 1111ρί001, 1011111017 40.
11000110001010. 133 1111ρί0 11. 0. 100 11. 100 10 1111011
11010111 surii: 1111111 7. 301 1010 0. 107 audio, 0. 003 10. 070
1001011 11111101 nom. 0. 700 1101111 3. 70 700 0. 310 411 7. 111 111-
1001011 Turno 11. 0 num 00111110 mente-que benignam in
11111111 monitu 111101 10. 307 rogo· ’1101111 1. 300. Aeneam 1010 pnoei-
11. 111 1111101100 1101 oeni: 1⁰.
1101001101111 11. 040 11111 111110 4. 130 1111011101) 10007 noctem 011·
2⁰³ 111 101 pectore 0. 031 formam 111111
10010011 1111111 110111 11114111. 10. 11. ulmus 0. 1. 170
000 cloden, 11011111 11. 004 ‚aecipite 11. 4. 011 001 0 7311111113.
11111111110111,1111μη1.11.111 11. 100. 0. 304 10. 104
111. Anum regnam 1. 110 011ρο1 11. 111
1001ρί11 locu 0. 300 accipiunto. 4. 107 11. 1. 430 1. 107
10001111 3. 111411. 001 0. 114 0. 233. 3. 110 0. 471 somn ligna (1. 11.
..1111101101 1101111101 0. 4. 301 Tur· 400 inimicum inbrem 01101111. 1.
num fluvius cum gurgite 11. 0. 017 117 111010 nbi 0. 1. 1101110111
{lammam Vulgum, 01101101 11. 300 11180103 110 redduntque 11111101-
pum-m 111101 11111110. 4141011101 111010. 4. 171 11. 3. 000
gnie· 0. 401 1110111 1. 170 vocem 111111 101101 11. 30
0010 11. 11 11111110101110.111

11

 

