1011101101011

111 111 111 11. 111111 11171111. 111 .

101 110 010 clamati: 0. 110 10. ³ss
1 1. 711 chama Ε. 1. 11

Ε. 10. 17 G· 1. 111 11. 1. cimanum 11
107 0. 111 10. 71 1111711111. 1. 171 7. 10010. 101
Ε. 1. 1111. 1. 111. 7. 111 clamor 1. 11 1. 111 111111 ΜἈ 1.
1111. 110 117 111 1. 1011. 101

1. 1. 107 111117 1. 110 0. 101 10111111111.100111711
11. 101 11. 111 11111. 110 100 111111 711
rc. 3, 117 11. 1. 111 elamore G. 13171131711111111
10. 111 110 711. 1. 101 112 1. 1177101.
11. 1 111 11111111011. 110117107 101
1. 1. 71 1. 171 1. 111 0.11 11111107 111
11. 10. 117 701 11. 111711 710101 11. 100 111
17111. 1. 1101. 111 · 11. 111117 ., ’
1.·110 clamorem G. 1.11111.1.11117111
imur 1111 111 11. 111171 11. 111

G· 1. 111 11. 1. 1001. 11 clamoren 1. 110 1
11. 111 111331τί1111 G. 1. 71 11. 1. 111 1. 111
11. 111 · 1. 111111 11. 711 11. 117
unibus 7. 111 eltngorquo 1. 1111. 11111. 101
1 11. 111 ⁴ 1113111111. 111
ml 1. 100 eunius G. 0. 101
11 1. 171 clm 11. 1. 101 2 110 1.11 110111
:it 1. 11 0. 10
1 G· 1. 100 chum 1. 1. 111 11. 1. 101
1111. 1 117 11. 101· · clamque 1. 111-1117111111 2 101
117110. 111 . 111τὶ 1. 101 1. 171 1. 11 171
1 G. 1. 111 11. 1. 1117. 111 Clu-ii 1. 110-1111117 0. 701

1111117. 171

a 10. 001 dari-im· 1. 1. 1

1. 111 1111111111 11. 1. 101
111.1.11111.1.1101.111 111111 1. 11011. 1. 111
mn 1. 111 chrum 1110 11. 111
ι 1. 110 11. 111 dm· 1. 1. 0111. 1. 1110. 11110.
lemur G. 1. 111 111 11. 771
mit 1. 177 elane 11111. 1. 111 701 1. 70 0. 1
11111. 11111. 1111. M 11111111 1. 11 1111111111 1111171.
'itur 1. 111 1. 117111 1. 110 100 100171101
110 Μ 117 1. 107111 111 111 1. 110
117 7. 11 101 11111011 11. 11111
110 10. 701 elme· G. 1. 111 11. 1. 100 101 1 117
117 1. 170 7. 1117111171 10. 11
t 1111ιί 1. 1101. 1. 1. 11
1 1. 111 cluibus 1. 101. 11 117 1. 111 1. ⁷8
11. 171 10. 110 ’
1 1. 111 0. 17 11. 111 1111111111. 1. 110 11. 7. 117
1111. 111 dmin Ae. 1. 11 11 1111. 111111
¹1. 1. 117 1111110. 111 Δ

11. 711 11111111 1. 171

01 11 111 · abdentur 1. 101
1. 71 111111111111. claudere 11. 111-1111111111 1. 7. 11
1171111111 101110 110 11111111. 1. 111
1111 cludi· 1. 7. 701
,111 1. 171 11. 110 cundiam 1. 171
-3111111 111 claudit 1. 2 11711. 1.11110.177
. 111 11. 101 1111111 Ε. 1. 111. 1. 11 ·

 

