1011111111111011 111

’. 000 01111111 Jupiter 0. 070 hostilem tumulum 1. 000 11111111 10101
111 aegida 8. 100 111111111111111 10. 017 aggae 11. 000
1111 11110111 nonita 1. 100 1111ιί11011 111111 11. 88 ,
1 11111111 Ao. 0. 071 1101111001111 0. 007
1 11111110. 000 honus 1. 000 0. 000 000 7. 700 0. 00
1111110111 10. 001 10. 00 000 11. 000 10. 000 000
1111111110. 0731111101 0. 00 Romaque, 7111111111 monum, 7. 070
0. 000 700 0. 0010. 011011110- hue, 11011001. ud 00010 11091111111111111.
0. 001 huc 11111 tendens 1111111110. 0. 007 vol-
111111111111110. 000 vem 1111101 111. 0. 000 111111 pondus
teget 011111 0. 0. 100 0. 100 animum nunc 1111 111111111νῆ11
1 1111 Ao· 0. 70 111111 0. 000 illuc 0. 00 bue 111 1111101111 1111110.
n, 1μὸ “agn 111οἐ10 0.Αο080 m ι00.ολ80ιί0) motetus 11111, nunc 1111110111 11-
l? ΜΠ ΜΠ (ἰ ⁸ ο ι

101110111110, 0. 0.· 100 1111111111 1110. 0. 100

mierum 0111101101. 0. 000 1111111111 1111111111 Ae 10. 100
sumus, 1111111, 11111111111111110. humandi· 111ίί1 dm tempus 11. 0

humandum corpu· 0. 101

duci 1111111111 2 00 u 111 humani· 1111110110. 0. 1701101101. 10.
1111111111 0. 101111110.177,11· 100 opibus 10. 007

0. 100 0. 180 11111111 11. 10 1111111111111111111110. 000
11““1ἶ“1““0““;1.“.“ξ 3? ¹.. 1.. 00010211οἒ1...11....
11111111 11. 7. 710 11111111 Ae. 1. 1009101111. 00

. 7. 08 011111111111111111011111 0. 000 0. 7
11111111 ,11. 0101 hument· 11111111 7. 700
1. 0. 110 humanibus nubtis 0. 001

uon. 01. 0.10 Acuta 0. 00 humeri 10. 17011010
111.7071.0000.1811001000 humeris 0. 1. 000 0. 017 AE 10000.
mv. seu. 11110111111111 0. 0. 010 0011700 0. 0110 000,οΜ 0. 000
11113111 111. 0. 00111. 111110. 000 000 001 000 0. 111 001 000 8. 000
, 7⁴¹¹· αφ... 1. 111 1. 111111 11. 111 w 11110111
1. 070 10 100 11. 111 77107010. 811701 011
11 1. 710 11. 100 humero G. 0. 7 M. 1. 000 0. 002 0. 008*
11.. unsa 11 μοι.. (1111111. 1. 111 1. 111111111111111111
11111, 1101110. 00 , 700 11. 070 000 011 10. 011

111. 1. 000 010 8. 00 1. 017. 1111111110. 0. 007 kl. 1. 000 0701 0.
. 001 11. 100 000 0. 180 070 07 000 010 0. 000
Ar ' 0. 000 Ε111110. 0007111- 101 11. 070 10. 000
00 , humescunt spumis flatuque sequentum&
n 0. 10017. 000 10. 000 0. 0. 111
’0. 80 11.’ 1. 080 0. 000 011 11111111 E. 0. 00111. 1. 107 00001070
1 0. 00001111007010011. 01110. 000 0. 001 10. 008 007 11.
3. 0. 70 fl. 0. 008 0000. 000 humma. 11111111111111100. 0011111
10 81107108 8. 000010 1111111.00011111111.0.001000.
1111 11111 111. 11 1111111111 1111111 11.1111,...1..,1.11111ω11..
1 001 101 1101000700 10. 000 pbr. 1111111110 1. 100 11111 1 1101111
77 101 101 017 1. 070 111110. 001 1111111. 000 111111
, 10. 10 0. 0. 100 111. 0. 00 111111110111111181111111-
77 011 00700011. 080 0. 000 01111111111111111111111, ae'r, 0. 1. 110
10 010 001 700 10. 070 070 008 0111101. 1. 000 .
1. 107 00010. 000οἏ 100 001 humilem 11111111 Ao, 0. 000
00 000 080 hosti 0. 000 0. 010 10111111111, nom· plur. 1111τὶ11110.0.0-30·
, 1. 010 0. 000 11. 1. 000 0. 1111111· 0. 0100 5111111111111111110
1. 700 quadani videnlur ,11111111 ferri , ju·
0. 0. 010 11. 0. 000 000 10. vem, 0. 108 ace· 111110. 0. 0011·

00 10 000 11110. 0. 010

 

