1001011111111111 030

· 1001011100, 70011101, 11. 1. 00110. 017 7. 3710 101 171001
1. 0001ῑο 100 10111111

mentum, (ἶ. 0. 70 regn orbem EA. 17 101010111101111. '

1101 100100. 30710 praelia sul· 1. 0210 ·

› ¹¹· 7³¹ 111111.οο1010.1.1110. 01 01000

ῖ11111“1.31100”· '²⁰² 0111710111100111·

,1110311 [00110 nique 0111110 τι· i, gerb„ vertique 001011 100 11011.

1 . 101

10 ponto clypeum 11. ,100 Regin, 10011.. G. 1. 001 10. 7.171 010

1010111011υο 00010011 0 0103011001 0. 7071130

1011111000 111 10,0<1)”101. memsam, ,10001 117

rvi 0 10. 030 1. 111 10. 00 puppi· 0. 000 000]οι

emico mulcere 11101001. Iu 0. 700 700 11. 071 001111 0 1110,

Β, 133 never· phou, 11011 1. 0007. 111111 11.

fimum 0. 711 000 11700011. 7011 moeni. 1, 111

’101-10 1011111111 unda 0. 07 1000010 7. 100

us 00011 (1.1 000 · 0110010.1.01101.-10. 7.171

101111010001111. 0. 0101110- regifico 1010 0. 000

us 0. 30 Regina 1. 10 00 00 077 0. m 7 1100

011.0001,1·1’111,0.0.000 00110707 10700 11. 1701001110

cunctantem 10. 0. 010 10. 01 000 000

ni refugis me 0011111111 110, Regino 11100 1. 007 0001110 701 ¹1:12

177 00 1. 000 001 001007 0. 100

1οι110001010010.1.11,100, Reginae 1. 003 0. 00 11. 003

10 snum 0. 0001111010 1110- 1101ςίωο 7. 100 11. 703 001

ι 11011 10 0001010. 170 intra Reginam, 017000, 1. 100 0110 001

0011100017. 000 0101111017. 070 701 1. 1331110

00011110 1011111011111031110· regio G. 1.03 1. 001 ,10. 1.101 1. 4²-

³ 010110. 703 1107010. 11 11. 000

0011000110000 regione 1. 707 11. 0007. 010 0. 000 7.

:nice 1. 100 10 luco 001111. 000 000 11. 000

1000 pareus 0. 000 10111011 1181000011. 0. 000

0010. 0011111000. 071 regionibus 0. 001 10. 1. 000

’11111 101111 110117. 000 11 (1.0. 030 ,10. 0. 101 0.,100 000

0. ..000 1. 100 ,100 01100101. 1111710111

0101101021 1011000011 01 0. 1100010000010

01007. 000 negiu 11001001, Nm, 0. 011

n 11111 10. 11 rogis imperii: rem hominumque 1111111100

mensu 1000000101 7. 70 1. 031

ι 1111101101000100 1. 011 regit 101 orbem G. 1. 000 <nais 0111001

populum communem μτῑῖ mue 10 1. 107 110101100101101 011 pinus

11. 100 101001000000111001 10. 010 00111

men. 11 1. 010 11. 1. 007 7.Υ 111101011001 10. 100

M 311 11. 10 negiu 0001 1. 001 0. 0001110111 0. 0117

11., 1011 per num ,10. 0. 1011 1100017. 011

cumn 0. 000 regno, 01111101 vident 0101010011 0100

rba 7. 1011000101 10 paco 0. mgna, 110011 1111011101111,11. 1. 70

10101110001111011 10 001 11101011010. 10110.Ίο 1. 000003

,1. 001. 70100001 010100 11. 1. 010 010 010 000 001 0 n

00 10 00 000 071 0. 001 1. 100 013 0. 100 110 100 070 1. 17

0011. 111 010 070100 a. m 010 01110110 summ

100 003 0, 003 700 10. 07 117 000 001700 7. 000 078 730 0.

1 11. 17 10 10. 0000110 001 107 011171 11. 100010001δο 10.

stigio 1110 0. 30 00 100 007

1110010 Ξοῃῖυὲιόο 0. 001 “⁸233 0010101111. 1. 0011 10. 11.

,10101 . ·

11111, 11. 0. 0 11. 1. ’11 ,10. 111010110110001110. 1. 170

 

