vocwuwm 070

11111 111.1.1111111.1111.1111.
1111111111. 1.·11 111111.111111111.1111. 11
111. 1, 111 11111 11. 1. 11111. 111

,1 111-1111111. 111 ’1001ιῖ11οΙ1οὲ 0101110111 0110013

111, mala, Ε. 0. 71 1111 11- 01 1. 110 1811111 11111111 modom. .

1. 0. 100 1 100 0. 001 quo 1111 1111 1111110.
11111 7111111111. 010 000 Delphinum, 11111, 0. 11011111·
1111 juge 0111111111 0. 118 111, 1111110707
011111111111111111 11111111. 111111111111 0101117. 1. 10 1111·
1110111 111 11111 11111 017 701
1111111 11. 17 modulabor 11110 11. 10. 01
. 7011 Venerem 1111111111. 111111111111111111111. 11
11111111 11111111 01. 0. 80 111011111111110111111118. ¹· ¹
1111 1111111111 0. 000 1110111 1111111111111111 G. 1. 100111-
fine· 1111110. 100 11111. 1. 170 11111111 11111117. 110
11 1111111111 1111111 0. 101 1111111 10. 001 111111 1111111111111.
ium 11. 171111 1111111 11, m
1110111 quis 10111 111111 11. 1. 00 111111
1. 0100. 010 1111 10. 10 111111110.170 nunni·-
nignn 1111111 1. 110 11110. 01111101 qui- 111 1. 007110
11111111 10 7111111111. 1. 10 quit 1111 01. 1. 00 111 111111011111
qui, 111. 01. 0. 100 plurim 1, 1011111111 10 10
. 001 Momm G. 1. 11. 11 0. 11 1. 1
11 Elysium 0. ’110 1111111 Β. 1. 11 000 101 070 110 001
11 1111 11110110. 0.ιο 1111111111 0101 107100 101111 101100100
01. 1. 110 700 0. 17 80 100 100 008 001 700
’ 11011 G. ¹. 0711111111 or· 1. 71 00 110 010 000 0 0000717
1100 111111111111 01. 1. 007 7077118811 0. 001 000 011 7. 101
limina 0. 10011111 1111711· 110 100 8700. 100 080 710 0. 00
111111,1. 11010 71111110. 111100 1110110111 180 011 10.
111 11111111 0. 010 fulgura 111· 11 110 107 11. 100 010 008 010010
10011001, 1110111111, 10. 001 871 000 11. 118100 001 070 080
11111 111111 11. 001 01111111 010 0711 701 ’110
,011 moenibus G. ¹- 100 01. 1. 00 11. 010
ο11111.10711111 1111111111- 0. 100011 010 0. 0010 070 m
111 1. 000 800 10. 0110 11. 007 080 000 11. 110
0 11111111 1111111111 G. 1. 011 1111 R
1001οο011001 1111110011 1111111 1101111011 11111111 111111 1111111116.
1111111 11 111111 11111111 0. 0. 1110111111 1111111 111111 Β. t
711 1111111111 10. 000
11111011111111. 100 1111111111 cinerem ¹¹. 111 ’
11111 11. 007 1111111111 1111. 101
Ε. 0. 10 1111111111107111. 000
AE. 1. 108 11. 001 1111111111 11111111 11. 110
110. 101 1111111111 011111. 01
0. 110 100 101 1111111111 Moeri E. 0. 1.- Moerim 0. 00 0· 00
171 01111 770 011 10. 10011. Moeri· 11. 00 0. 10
ι 110 100 000 Moesis, 111, 011111 G· 1. 101·
111 11111111 G. ¹. 117 11111 0. 1111111,1111 sem.,digmu 0101111101
11. 0. 101 111110. 010 1111111111.

1. 170 0111. 01111111 11. 1. 07

1 ignara 10. 117 11111111,11111.,1111”11110 11001111,
11 G. 1177 1. 000 10. 1. 007 111111 11111111111111 0. 01 1111011
7. 00 10. 010 ¹¹· 00

11111111 1111111 1111.. 11. 1.11 11111111 11111111 1. 170 01111111 7.
17 G. 1010 1· 100 0. 10 010

 

