vocttttJtotwtt 701

nn. 101 certatum 1¹ 00
1100 1. 317 0001010010.333
000 3113130111173310. 0001000ῐί10.1 11
’.11 013 11. 337 0001οΕ. 3. 1003. 1071. 7 10. 3710.
tn G. 1. 313 31710. 1. 131703 1. 133 331 13. 881
113 certent 3. 8. 33 0. 1. 133
R. 3. 710. 1. 331311 1. 111 certa Ε. 1. 37 3. 31 ·
1. 38 0. 131 0001011. 33 3. 8 13
0 1. 711 711 3. 131 certi 10. 3. 31
G. 1. 7 10 117 117 certior 10. 310
000 t. 03 ‚ 0001100. 1. 00131 3313111311
ι 10. 1. 037 3. 001 certissima 1. 131 10. 0. 331
1. 101 certissimus 0. 1. 131
10101 000101. 10030. 1. 001. 1110110
ιι· 3. 110 11. 110
unt 7. 101 000100 0. 1. 133 ,10. 1. 030
0 0. 177 3. 731 eertum 310. 10 ,10. 3. 171030 9. 103
tt 1. 103 000100 1. 3313. 1. 1. 10
nt. 117 1. 333 0. 310 3. 310 cem t. 01
11. 700 00000010. 303
0.1.1011.10330.1. 132 301 00001 R. 1.00 7. 310. 3. m 301333
Ae. t. 131
000νί000. 11 330 1. 103 313 310 301
10. 1.1001.1113.03310.33011
amttam& 1130. 7.301311
071 310 3. 311. 133 10. 20 381 000νί0000 3. 031
Ao. 1. 110 0. 333 110 1 71111. cervici 0. 3. 107 ,10. 2. 707
corvicibus 1. 111 11. 111
0· 1. 1113. 331331 cervicis 0. 3. 130
2. 133 731 3 17 0. 37 000010 R· 3. 00 0. 1. 307
11. 110 1. 371 11. 113 000010 0. 3. 0170 31130. 1. 131 3.·
Ι 10. 311 131 10. 137 .
t. 330 3. 313 1. 113 301 0. 313 000000 Ε. 1. 11 Ae. 1. 1333. 133
737. 310011 3. 31101. 103 0000000111310. 7.13110..713
10. 110 110133 13. 730
‚nt 1. 333 emunt. 133
101 000ρί103.1.010..117310..11311
0.1.03130.11.717 0ωο 11.101
007.1011.10111.110 00000003. 1. 31 A· 1. 070
100 0. 3. 3301. 30 10. 3. 00 0000001111. 133
310 303 0. 1711. 301 10113 0000001001 3. 130
111 131 11. 31 73 107 0000000 Ε. 7. 10 0. 1. 71
ine G. 3. 103 10. 3110 t. 000000 110. 0. 31
111 117130 310 110 313 7. 313 munt 1. 108
33 700 0. 710 11. 133730 311 00000000 11. 138
01 333 313 censuit G. 1. 133
1000011310 - 0000000 3. 311 30. 11. 717 ’
1. 311113 0. 173 1. 31010. censerit 11. 133 Ι
11. 703 cesserunt 10. 111 0 -
00 E. 3. 3 10. 11. 110 017 ceni 1. 301 0. 100 ·
ibn 3. 008 10. 371 mim 3. 111107
71. 30 3. 113 13310 11 mit 3. 333 3. 301 113 0. 101 7. 010
0 1. tm 8. 3131. 11010. 173
3. 3. 3. 10. 1. 337. catu 0. 3. 10 Ae. 3. 03

ιι 01. 000 t. 001.. 0. 000. octus, ρι... ³. 00 1101010701οι
t.'1787.1ttt7²ttt⁸.178 ..0001 .

1¹. tot 00 0. τοι cethegum 0. 00

um 0000100

 

