871 Ι N
mlum. roma, G. 1. 118 1111 8111

· · 1111111. 1. 1111 1111111110

1111111888 nox 1111111 11111181 .
887 immota 11111111 1. 881 1118111ιί111
elme 8. 1 1111111111111118.721111·
111118111118. 88811118. 1811111
8111111111 8. 818 111111 11111117. 287Ι
quum (1111 1111118111, 1 11111111, 8.
· 181 comitem 111111111111111 juxta,
’ 11. 8. 8088111111118. 8888111111
1111111111 amborum, amphctebatm
8. 280 1111111111 11. 8081111111131·
11111111. Amata, 12. 88 turrim 111111
flammarum, 12. 078 1111111111,1111111
111 1111111 12. ’778
tenebis 1111118111 vincli 1 correptum (¹1.
11081111118111 e. 10. 711
tenebit templum 0111110. 8. 10 .
tenebo non 111111 11111111 81112. 18
nec 1111111111111111 11111 11. 8. 788
1111111111 G. 1. 218 Ae. 8. 881
1111111118. 881 881180 11 187
tenebris, media 811111 , G· 8. 101 Ae.
2828. 7817. 8288. 28888811.
tenebris, 1111111111, G· 8. 88111.
8. 188 8. 118. 288 818 8. 288 8.
tenebrosa, 11114111.. 111118. 107
tenebrosum 11118. 888
1111181111 [1111111111111118. 08 sermo·
· 111111111τὶ11 moresque 12. 881
1111111. 101111
’8111811 2. 81
1111111111 1111 mediae 11111112. 888 1111
1111 .
1111111111 11111116. 2. 871
11111111111181. 1. 81 1111 1. 181
1111111 11111111 1. 8011118. 81111.
888 111111 7. 781 8. 288 8. 28
1111111 eoelum 11111 quinque G. ¹0 288
111111111111,ῑ’;;.1;
nem, 2. 1111111111 111111Ιί1 1111111111
8. 8881111 1111111111 11. 1. 178
postes 2. 180 Danai, 1111 11181111ςηί1
2. 80811111 1. 827 1111 Thetys 11
Melite 111. 8. 888 modia 1111111 111111
8. 181 moedi 11118. 181 1111 1111111
1111111118700111111 1111 8. 188
1111118.17011111111111111110.801 11
1111111111 11111. 218 propiora 8. 188 ar· 11
11818811 11κ11111ἰ18117.201
11111111 wrm 11118. 787 11111111 8.Ι 11
810 111111 8. 288
11111111111111, 111. 18. 781
1111111111 obsidione 111111 10. 108 . 111
um 1111111111 “

 

