¹ 101111111οι ” 111

10111111111111111011111- quadrijugus 111111 (1.1 11
uer 11111, 11. 1. 101 111101111111111. 1117110
11111101111111111 1110111 11101111011111111111.100 .
quadrupedantum pectora 11. 011
11111, vitem, (1.1. 107 quudrupudumquu 11. 711
111 11. 0. 710 11101111011 1. 011
1 0110117111111110 131 quadrupedumque 11. 170
uon 111111 1111011111 111 1110111111 Ε. 0. 11 Au 7.00010.101
017 ¹ quoecumque G. 1. 310 11. 1. 311111
rugam 1301110001 1. 770. 110 001 11. 011 10011 111
101 quau 111 cunque ¹. 011
11 quaedam, 1111111111 111, G. ¹. 101
,1.11 1111111111010.1111110111.
11111 ego, 11013 110 010
1111111111 G. 1.111 111111111111111111.0 1111
. 0. 150 1111111 1111 roden 11. 11110
1. 310 quaeratur conjux 1111111 11. 10
1. 11 1111111 prun 11, 111. 0. 1. 171 moeni·
107. 701 11. 1. 111111111111111111111
,1. 111 quem 111111 11111111011111. 011
*m 1. 101 quaerebant in medium 11. 1. 117
*upum Ao. 1110111. 171 1111111ιο1, 11111. plum, 1111 11. 3. 107
11 G. ¹. 1101111311 ¹- 10311111 1111 11111 11. 110
11111101 11001111ψί11 0. 1111111111
1. 101 nou· ¹¹. 111
bu ¹. ¹¹ ' 1111111111 bucula 11111, 111, E. 1. 111
1,11111, 0111111111. ’ quaerum 1110111111 11111111. 1. 131
¹. 001 11 10. 010
1. 111 1111111111 1111 1117011111 111117.
1011110 ’ 110,111111, nullu signu 1111111110 ,
113 101 1111111111 1 111
111 1111111111 1. 171 1. 771
010 *quaerentibus 1111Ιί1 111111 (1. 1 111
10. 11 111111111,1“1111’1111, 11. ¹ 11111111
u. 1. 0111. 100 1. 00 111111 1. 101 111111011111111.
1111111111. :¹- 110 111111 111111 1. 300 131111 0111111
1100101010017001 111111101111111110. 1111111111
ι 1111111111 herbum 1111111111111110 1.
Q 11111011111110 gut-35¹2 ,11. 0. 111
«1111111110. uuo 11 nun· 11111111.
110, 11 11, 11111. nullu pm· 1110. ¹7¹
Μ· quaerimus 11 pet 111111 10. 111
11111111. 1.οΜ1.0001. 100 1111111111 qui 1111 11. 1. 10
1111001111 11 10 1111111 11111111 11. 1.·17 memma

.3. 1111 10011011.1.111 1111111111 0. 11111 peu 111117 10.·
111111 11111111. 01110111 10 101

um. 1111. 1.101 11 11011011111101111110. 1001111· “

uque 11. 11. 701 11. 101011 1111 111151 10. 000

1101. 171 quaerit Trojuu 0. 137

1111111111 1114 7. 000 11111111101111 1010 .
1111011111 11 1111111111 G. ¹. 100 11. 1. 010 0. ³¹⁸
G· 1. 011 1. 101 111. 1. 1111 iu re nutu 1111111 7. 111

0. 111 1111111101111 1. 011 non 1011111011
...1. 11. 111 11. 111

1 curru 11. 101 11111111 pultium G. 1. 1111111 111111

 

