11811 1

venium 1111111111. 8. 181111 8. 1
1115111 11. 7. 887 Aurora 18.
11111 11. 1118

11111111111111111111111111 8. 1. 188 nd Ι
ructassent ,11. 8. 8811111118 11. 1
1111111111 11. 8118

seniculus 18. 177 11. 118

venienti Ebusn 11. 1118

1111111·11111118 1. 81 8181

wouh-ulis Ε. 8. 81 Ae. 8. 888 18 1
11. 871 ’

1181881118. 1. 187 Aa. 1. 138 8. 71

venies 111 111-11111 Hesperiam 1. 781

11111111118111 8. 1. 11181111111111. 11
aenas 111, 1. 187 mihi 11111 fam 111
11111111. 387

venui· 18. 78

venimus G. 1. 1111 Ae. 1. 111 1. 711
8. 871 .

venio 8. 718 8. 881 18. 881

’ venire 1. 818 111 sati· 1111181111, 1111, 7.

178

venire! cum 1111118111111 11. 11

venis. 11118.. nummio 1. 188 11111111·

. 1811111151811ςί8181

venis, nornen. 8. 1. 181 1. 188 silicis·
1. 188 ,11. 8. 711111111111111 ostendis
2. 1881111 vulnus, de amore Ae. 1. 1

, 1111111111. 1111 7. 78811. 118 ,

venissem inductus 111. 11. 188

venisset 1. 18818. 188 ,

venisli landem 8. 887

venistis 1. 8731. 117 8. 171

mmmmm, Ε. 8. 88 1871711 ‹
188 18. 77 8. 1. 118 811 1.. 88188 1
8188187118118111. 1. 7811.
88 8. 881 8. 8181.111118811.118

venit , praeteritum, E. 1. 381. 1 18. v
11111 G· 1. 818 818811. 1. 888881
887 1. 118 811 8. 888 117 882 8. v·
818 8. 818 7. 188 78118. 81811. 788 11
11. 111 888 788

venit 11. 1. 77 7. 18 v<

1111111111 G. 1. 11 Ae. 7. 88 81111 v<

11111111. 3. 73 81 G. 2. 188 1. 811. 8.
1. 137 8. 118 1. 88 188 887 8. 18
781 8. 8817. 17 8. 81 18. 8118 878
11. 887 1811

11111118.1.188.1.388 18811818. τε
8811. 81118111. 1. 17 8188181188 11
1. 818 7111 8183 888 888 781 1.
881 8188. 111 8111. 78781118 vt
881 8. 881787 18, 811188

11111118. 1. 3818118131 - 8 8. 178
1. 88118181 Ae. 1. ἰ’ 188 811
3871. 18 188 788 1. 173118118
8. 188 8. 888 11. 888

1881811818. 1. 818 ,11. 1. 118 8. 878 11

 

