0001001011011 017

0 10. 3. 0201. 1210010 001011. 0. 13 10. 3· 002 10. 001
101. 110 10. 127 100 301 Scipiadas G. 2. ¹70 ι10. 0. 011 “
101001 sciro G. 2. 100 Ae. ¹. 181 0. 300 11.

000. 2. 211 31112. 701 polenum botherum 12.
10 - 00001000 3. 200 300

ι11 0010001011 0000000 Manen G. 1. 180
<ino 0. 1. 100 00001100.
10 :20- a 050 ²· 117
00 2. 012 ucis G. 1. 117110. 12. 113701
1212. 071 001000.οο00 [ειη.,οοιιιοιιιο. 170011,

,1 [01110. 702 00010 12. 100
7 10. 111 00111001011100000001100 11. 210
1000 muros 2. 237 sciuri 01 quaerere 000000 2. 100
ron 0. 17 001101οιιο 00000100οο11 01010000 2. 111
uum 2. 101 00000110. 3. 203 Ac. ¹. 107 3. 030
1. 110 0117. 100 0. 102
00 manus 11. 3. 12 scopulis 0. 2. 377 3. 201 Ae. 1701,
tom. sm.. 1000010 101117. 300110
., terna. 10 0000010 G. 1. 131 ,10. 1. 1100100
001οι0 2. 2318001007. 137 101 220 270 0. 000 12 031
»clm 2. 170 scopulos 0. 3. 270 10. 3. 272110 171
nguine 12. 010 1. 201 0. 110811 11. 271020
1015000. 2. 210 10000 1. 0000010001. 101
00001000. ¹. 30
01 2. 030 scrobibus 2. 10 231 200 211
1. 13 Ae. 3. 0010. 200 0000μο spelunca 10. 1. 230
007 Am. 101 101 3. 331 000001. 101 3. 237 7. 722 0. 03 130
10 0207. 118 11. 200 0. 220 110 10. 313 12. 130 003
17 110. 1. 000 2. 121220 000101 omnes 0. 370 ’
. 011 712 7. 307 11. 107 0001100. 112
21 ,10. 1. 100 10010 10. 101
131. 171 8011000000 naufragum 3. 003
1¹ 02 2071000 7.173202 801Λ110. αἱ). ξ031100, monstrum,
0. 3. 20 . 02
100 7. 300 0. 207 10. 002 Scylla, 00000. 0. 122
801100, plur. biformes 7. 200
00 00111000ιο rabum ¹. 201
2. 031 Ε. 1. 007 7. 217 801110ιο E· 1. 71 ,0. 0121 132101
sci 1000 0. 270
171 emus 1000010 10. 0. 700 uqrria pubes 2· 177
0100. 00011ιί00 hyeme· 0. 3. 107 gemes 3.
11 qam, 0Ι 3. 101 310
uile lignun 00. 1. 111 80110100 E. 1. 001 0. 210
ereum 0. 010 &muniatque nim 11. 10. 00 no, panuh.
001000 0. 1. 300 seh-thiae nJmPM 10. 7. 731
0010. 10. 710 000010010οι00ιο 11. 0171000000000110
mu G. 3. 100 0011000 10000 aere 10. 211 000100 10. 222
ιο robor· 000010 11. 137 mahat 000100 1. 207 1100100 Aenea 0.
001080009010000100100 1.,120 00101010111001101111717 0110 101100
10 ‚a 00100 1. 001 00 un· ¹⁰. 007

30 dare 10000 nubem 10. .

0003000001000000110 0000011001υο 2. 12110001010010, ·

uma 12. 070 earnes, 10. 1. 211 000μο101000 1111·
110 in 0001000ἰο vulga· 2. 30 0000100 0. 000 aequore 011000 0. 00
»ur 0. 102 pomum 0. 103 ·
. 102 000001000001100. 13

00311ιί1100 ¹. 171 ucat 00110000 pennis 0. ¹· 100 100 cti·
0000 0. 1. 303 nem 10001 ,10. 1. 701 Pristi· 00000·

 

