1011181110114111 788

thiu! 7. 878 04140 4119111011 potestate, 11111 som
11141100 G. t. 848 80. 0. ’181 Η, 44 11101010. 4. 488 44 pb·
,0104 10. 710 780 · 41141 8844 44 1111118. 44144 4110111
114 414440 per uterum 7. 400 14111144 814. t. 887 010 mque 01, meti 41
‘mdo 1114111111 0. 708 111114 per 414111 11100101 apud 8. 881
410. 11. 848 8041040 141010 10. 08 444014 ’114 11. 810
401 1101118. 811 pm 11101 4011010. 44401101 10 414111 10. tito
188 41114 10411 4111011141 G. 8. 488 4414 4440111 00111 0. 481
widin· 80. 8. 441 0. 808 4444141110 8. 888
114 atat. 8. 818 Atinate 8. 814
mm, 140. 1. 111 11411 01.410.1.11.10.1.111
101411 11. 1. 14 10 4110111441 hi· 1411118111 8. 400
01414 01111010 aquilonibus 10 101411 84. 444444 40 110114 0. 140
1. 808. 11101 41111144 0. 18 10. 88 44411 10 411441 sitm 1404141111. 1. 81
0141 44 414014 pinus 11. 188 4440 8. 188
,011101400100044014914 118180141. 444411 4101014 operi 80. tt. 411
4011 011010 1110, tempestatibus 7.100 444001041 40101 10. 481
1114 1. 10 prodigii· 0. 411 mio, 141 144010 houm 01411110001. 110
etita· 1. 887 11014 10140 1. 880 1110141 101114 80. 7.
80114 110114 80. 8. 078 111014 8. 880 Ao· 818 10 Troiae ptriturae 8. 800 1144
1144 1111111114 G. 4. 488 1101118. 488
4111 8110041114110. 8. 818 intritus 11. 4440110 0014111141 410 8. 777
1. 418 0141111111 80. 8. 788 hi· 40111 44414014418 480
8. 888 11. 848 4441401418. 887101101414104040 8. 170
101111 Apono 0. 114 1408111 1111. 411 11. 11 11140114
tutor 0. 800 18. 88 Μ1811 timor 8. 884 44114414 11104·
motis 18. 04 que 11111411 0. 718 110041 jugi· 8. 888
4101 cutim 1.144 8101111114 7. 118 141- 01011104 81011110 0. 040 natum ιρί·
1414 111 140014 7. 41 1141 G. 4. 18011141 1011001801. 180
014 mgna 14041 101101 18. 887 44111180. 8. 470 8. 884 tt. 088. 11 80
uum 1401000011011.1.884 1144001· 10787811. 888 comitem 1141Ῑο 0.
ff! 1411001 1810. 21ὲ8ᾆ880 0 1104141· 788 mis ἓ. {a 11000104 11ηέ-
1111004114 . cipum 111 . 10 1001414 .
:tun 0144011441 8. 188 1111111148. 881 0. 10
tetis 41010110 01814 7. 188 1141044111· 444114 11100 ’1040111 80. 8. 00 4004 10.
to 7. 880 14 4111041 8. 8. 401 411114 188, 01414114 11001140 11. 8. 181
044414 40 montibu 4110180. 10. 708 444110 4004 41114 voe. 81. 8. 801
tempestatibus 4. 100 addim 1. 111 1. 1010. 111
1011417410. 188 - 4441114 10111 uini· 1. 888 11111114.
101 1. 101 11. 111 1101010. 1. 411
1044111 ferrum 10 010 8. 888 4111141 1114 11410 80. 8. 888
1011041 curi 01144 G. 1. 188 4444014 1141144 0. 887
4141140 1410101 80. 7. 400. 44440114 14114411 11. 811 14001111 8. 141
10411 1141101400 10111117..880401111441· 44411010 4104 8. 807 1400110 0. 40811.
1014 104041 11. 108 881
10414 11111 8. 188 40414 041100 G. 8. 44440141 1444 10. 880
181 0141140 10. 8. 108 44411418. 4107 41401041 1400111111 411
114111 1401114 8. 48 10. 888 1014118. 80. 0. 184 40014 ebori 1044011. 800
010 14 14 1014011111μοῦ. 1. 81810
11410 101108. 1. 1088. 480 84. 10. 100101, 010. 80. 8. 880
470 hinnitu 8. 8. 04 ’41410 80. 11. 444410141 41111 111 ignea 8. 8. 488
874 murice 8. 808 011. 8. 88 4404414111 80. 4. 480
„apulo 80. 1. 40148 10108 888 44041 18. 781
404441 1141411841 iupus 41418. 4. 488 444411 14111 1101110 11. 4. 418 ·
1414011811 im 10. 0. 404 1014011841 48111180. 8. 8807. 118 0801 1140-
1141, apes, 11. 800 4101441 1011411141, cipit·- 8. 884
mmm 18414404480141111110870411111·
14101111410000411111144144141ω441 1144 tm! 8· 484

 

