1011110101011 “ 111

loom. 1111101 11111111. 7. 1111. 1, 17 111 mm.
1117 818 8. 888 8. 187. 108 11 11818871 11. 887
1111111111 pudorem 1. 11
in medio· 1. 111 1111111811 11. 118
ur 1111111111 puellae 111118. 1. 11110 1170 11.
11. eum, cominu· 11111 111111 1 1181. 107
1. 111 minus 11111111 missilibus puellnmE 1.οΙ
11 · puella· 1111
huc 1. 11 puer E. 1. 17 181 18008.1111818.
1111011180 111111.1.11.1.1.11.1.171171
nur pom 1. 11 „1030 1. 111 1111111111 ³. 111 111 111 111
quid 11118 8. 181 181 8. 71 1818818110. 878 8. 881
11 non 11111 am magian 12 ἓῖἐ8111 11711120 13151 010 11110 001
onere! 1111101 G· 1. 818 pueri Ε. 1. 188. 18 88 111 8. 11 11
multo 1111111107 G. 1171 11. 1. 188 1. 188 71101.
oum 11111111 1. 111 110 811 111 101 001 1107811 7.
ns 111111οω ,11. 10. 180 101171 181 11. 00111. 11017111.
m 11111111111. 011 111
.’ ἒ.”ἔ“1’ἶ’,ΐ.ι.”ἶ”.’.ἶί.ῗ”ἔ. 718, ..1831117818118
111711, 11. 188, 111. lm. μ1ω8.1.11701.1111.1.711
11. E. 81, 111111· plur.. 1111181 1111 1. 8111170
11. maha, ⁷. 11 11111111. 1011111118011
7. 10111111817011111111 puerum. amorem, 11. 11. 11
1 puerum 8.1.8111.1.1177.1711
,11111111 111 1711 11. pag... 11111.,1.11111.11111.111
111111311111111111011111111111 1111811 11. 110 1111 800,1181.,1.
118781 11111 888 11. 701 11. 81

10111111811 101
ι 1. 11811. 1118 1111811ὼί1111οῶ 1. 11
“. 1111 pugnae, ma.. 1. 1111. 111 111 1.
2. 108 10 811 011 788 110 1111001710
1 110 · 10. 11111 118 11. 78 780 11. 11
1888 1. 818 180 880 118 880. dot.. 8. 888 181
1. 88 (11. 118 1111111 fatiga 178 10. 80 181 888 818 811 11. 818
nu 11. 11. 78 011 707 810 11. 111

108 [1051111111. 1. 18 1111. 07 111. 1. 188 8.
111 prm). 11. 11 18111 1111. 1111 1110 11. 100111
nque 11. 1. 707 pugnaudo 0. 1007. 181
3· 1. 88 pugnant mucrone 7. 808

nuga 111. 181 . 1118111111 8.18.11.1.1808-1118.187
1811111110 1. 187 7. 8111. 777 11. 178 887 11111.
11. 1. 71117. 111 11. 10 711 118

herba 8. 81181111 11. 111 pungunt equus 11. 000
1 solii· 11. 11. 111 ,pugnate 11111 8. 111

1. 118 11. 1. 101 1. 177 8. 71 Ι 1181111111 juvenco 11. 1180
80 878 818 8. 880 7. 1081111131111111 1111111111 unio ¹1. 181
10 711 1· 71 fugam} ipsi nepum 11818
11 tecum “qudi 1111 1. 111 1111111071 1180 11. 871

vim largo 1111111110 pulcher, 11111. . Guges (1.1. 1171111111
us virgo 8. 111 1111 ouum 111111 11. 8. 8701111111 11.
111111111171 7. 107 1771 111 110 ,1111111111 7.
bom ,11 1118 1107 8411111111 1111111. 081, 111.,1
,1. 8011. 1110 Apono 1. 111

vulneribus 11. 11 malmin.. 11111. sm.. thndum Aegio
111717 11. m M. 11 casium 1. 11 mu· uon·
n 11111111. 1. 111 G. 1. 111 form 11111111, 11. 1. 711

11

 

