808818101188 888

agmen 88811888 88118188 7. 88 parvulus 1118888 8. 818
8 8888818811. 788 pervum 888818118- 1. 810 18188 1.
88 881188 Ε.“10. 87 878
888 Ε. 10. 788 88888811.. 7. 18 8. 1. 877 m 718 8.
88888 8. 880 888
qne 8. 888 · 8888881 in 88111888 (1.8 188
. 818 “ 888881 promotus 88188881 188
188. E. 10. 88 posce 88881188 8. 8. 11
»m 888811 G. 8. 111 88888818 188 1. 78
8. 7. 888 8888881888 888888 88818888888818 (1.1.
G. 8. 88 188, ouem, 8. 887
E· 1. 88 ,8 11. 887 8888888188 8888118811. 8. 88 88888 8. 88
certi· 1181888881 818881 G· 1. hoedo· 8. 1888188888. M 188
88118 ,8. 1. 811 88 1188888 7. 78 8888881881· 18 88111888 888818. 1. 88 ⁸¹²³·
8. 788 11888818 11. 811788 818 8888 8. 77
0 88011. 101 8888888 88888 8. 8. Ι88·8888,(“8.8.888
uocum 18881888 11. 810 88818. 8.8888818818,8188·8,7.
Ἑὶιοίοίιαιρὲιιῢ. 1. 1188818888 pso: n Ι G ³ ¹³³

. . 81 888 . .
gmina 8. 881 8888818818 888818 polu· 18. 1. 811
18 888888 888188 1. 188 88881 8881188 circum 18188888 1 888
uantur G. 1. 880 1811 regina 88888 888 7. 888 8888 188888 10. 817
888 18. 1. 878 8888888 8. 817 888811 fulicam. eamn 1. 18888888
178 7. 880 8878888 tum ι 8881, 8. 80 888888, 1788888, 8. 888 88118881
1. 1. 178 neom 8. 788 888 88· picturi 88. 1. 888
88 11, 887 888118 bom E. 1. 88 81181888 1881881
181888 888 88188888818181181. 8881888. 88188188 88
8 8881 fartum G. ³. 187 88881188 juvenca G. 8. 118 itque 88888,
honorem 18. 8. 118 818. 8. 881 agmen 888 881188 Ae. 1.
omnis 88888 8. 8. 88 ngat 8 180 881 818888 88188 888888 11, 787
8 888888 8. 1. 88 8. 8. 118 811 838
1188 ,88811188 latio 118. 8. 88 8888881 818 888888 Ao. 8. 888 8888881-
. 811 818, 1888888888 818818881888888
111118881888 18. ,8188.8’8188.8.81.
18818, 18- 8178 888 881-88 gn· 1. 881 88888818 8881181888 8181811
8881 181888 88118880. 188 888 888, ea e, ³. 81181818 1888888 8.
gloria 88888188, 81188, 11. 888, 818 81818, 8888, 8. 181 oqui 888
‚plum 1. 118 7. 188 11. 878 8881888 8. 888
is 8888 888 G. 8. 1788118881· 881888188888818188188. 18
1888 ’8, 188 8818818818 88 Aa. 8. 888
88881. infantia, 11. 8788811811 88888, 888 pm 88888 plur· 8888881888
das.. 811818. 178. 1. 888
1811 8. 17 8888881888 81. 818 88881,88888188881888.1.1081818 818·
m AE 8. 881 888 urben 8. 888 888 88881 8818888 88 88181888, 818888-
888 11. 8. 88 888 eorum 881 818. 8. 888 881 881888·
111 AE. 1. 888 n 7. 181
{mamam mgna! 1188881- 81888οῶ88 AE. 1. 718 8. 188 7. 187 11.
ff. 8. 888 puin 88188888 8. 888 8 881
n· 8. 881 88. 1. 888 888 870 8. 118 810 1.
888818 juventus G. 1. 871 18. 8. 181 118 8. 878 8. 881 888 8. 888
potentem 8888181818, 8888881818 8. 818 11. 888
rm ‚ 8. 888 discrimine 8. 888, 8888181888 788818 1. 818
10. 117 houd 1111 8188881, 818., 888818 88181888 1. 81181. 808 ,nl-in 8.
»preth 18. 888 181
8888188 G. 1. 818 Quirites 8. 881 88888 7881818, 88118, utilior, hem 2‘1'·
188. 8. 818 Ponat-⁸ 8. 888 818 qum, (3. 1. 88

 

