00111111110111111 800

1111110111. 1111, 0. 1171 1101011111 pecudes 11. 100 10. 010

1111 curvantur in 1101110. 0. 000 10501111100111 11011111100111010111 G. 0. 000
0 Ao. 7. 700 105010 110. 10. 007 11. 700 111. 000
100 0. 010 11. 107 10301001 10. 010

0. 00 Ι11111101 demittere, 001111 0101110111, 11. 0.
0110 110. 0. 100 000010001110.0011001,110. 0. 070.
1. 010-101110 10. 000 (1100000111 7. 700 exsupera, eonem,
10 110111 0. 000100101110111111 11. 000
0. 010 , 1111011. 00
·110111111111110101010011Ῑ. 0. 00 11111 1. 000000 0. 000000 0. 070010
n 11011 11111 illos, 110. 10. 000 0. 000 0. 000 700 7. 0000. 0111 10.
1111 100 000 10. 100 000
1011111 11111 promia: 111. 011110 1011001101 G. 0. 100
1111111101011011111111100.0. 010 101101 Ao. 1. 000
11101011 ,11. 0. 0 aptare dns-{1510 1. 071 000 0. 000 ι
lis 0 070 accip-re Tarquinium ’11110111 1. 710 0. 070 0. 010000
na 0. om ··11·11111 1. 1111110110 1. 1111111101.
1011100111 110111 1101111011 7. 017 107 110 070 0. 000 00001010. 000
1 1011110 putem 1101111111 G. 0100 10. 100
strare 0111101111 11101111 Ao. 1. juneo E. 1. 00 0. ’70
110 1111 ventis 0. 0000111 Dm 11011011 1011 1101 11111111 0110 Ε. 0. 00111
is 1. 101111111110111 pum] 111111 foedere 1111111111. 0. 100
10 'jumi 10011110. 110
07 0. 001 0. 000 0. 000 10. 100011100011001111011111111111,11110111111·
1. 010 10. 000 vet, 0. 107
0. 000 ,10. 0. 000 juncto 0111111 G. 0. 000
1110111. 1110 11. 111 junctos ..1111 1. 111 equo· 11. 111111
0. 00011. 1. 000 0. 107 0. junctum 11001111 01111010.ωο11101001.
, 070 0011 0. 10 000 707 828 11111111 morde! 10. 070
1070 000 000 0. 1700. 117 1003000001011101110111110.1770120
111 11. 70 00 010 10. 111 jungunt 10101111 7. 000
. 0. 10 0. 0. 000 Ι10111111001101111111110 10101110 10011110, 11.
1 lumen 00111 ,10. 0. 000 000 ·

E 0. 0711111 Ae· 0. 001 jungat vulpes 01 mulgeat 1111001 E. .·1 111
ostro 11. 0. 10 junge pm· G. 0. 111010111οτ110. 11. 00
1111111111. 1. 01 jungebant foedere 0. 001
0 01 G. 0. 07 10001. 0. 0110 11030010011010010011 111110000
1 10. 000 nontin E. 0. 70 Pu ¹pangemus 11 11111110 regi 11. 110
10 11 Cynthi 00. 1. 00011111· ,1013101101011101001110 000
0001111οι111111 1111111110 101111 jungentur 11111 typhos equis 11. 0. 07
111 1111011111 0111110, 0101001111, Ι1011111111 quon .0 1100111111011111111
pro, 101111011110110110.011111- 10. 1. 010 0111111111 0. 001 0111 mi-
m 101 sub juga 11111111 0. 100 m 0111111110 111110 0. 100 111 1101111111
1101 11. 100 0. 007 111111110110111110111100. 010
Rectum 1. 000 11111 011111 paro 0. 170
1010101117. 000 1111117. 00) 101111 socam 0. 110 nutritio 11. 1110
0010 0. 10 111010 10. 007 jungim- 1101111110 0111111 0. 00
1111011 0. 00 101111 aaron· 1111101 Β. 1. 00 equa 101.
1111,1’111111, 111000πί000 Ae. 11. 1. 011 qnia· 11. 110 1. 111
1 · equ· 1111111. 011 1. 111 111110.
1. 0. 000 0. 100 Ae· 0000 100· ·

0. 000 Ae. 2 001 0010 100 1101101111ς11111110.007110111·110.00711111·
1. 107 10011. 100000 iunio heuque 01 propugnaculo 0. 170
10111010111111310 01. 0107 11011011 11111 11. 7. 00311111011111110.
1. 10011001100111. 0010. 070 'm ·

01100. 1. 1700110. 00010. 10110 0. 0100 10. 1. 10 00 ww
011, rupee, 0. 000 1110101111 000 0. 1110 0. ’0011 0. 110 100 ’071
1111311 properam 11. 010 1, 11011 1111 0. 00001111.1111.11111000

00

 

