001 110

1011 11 litun 01100ομ 1. 000 quo 00 1
· medium 110101 11. 100 11001000 mr· 0

100 7. 87 finem laborum 00 vox 7.

118 00010111, 000, Alcides 8- 100

01101000 0. 107 manum 0011110017. fl

078 0001011100000101. ullum. 010. Ι

,0. 013 110011 tulit AEnen, 17100, 10. 0

078 qua 00 cum 01113011701 mn 0

tulit 1001001011 01100501ιο 11. 371 ha· 0

010 summum apicem, 0110110000 901000

tem, 11. 103000 eodemque 00110
ox. minas penes, 11. §U 00 00·

10 Nocte 11. 800
Tullaque 11. 000
'Pullus 0. 011 11. 011
lun, 0000110.
tum eum Ε. 0. 10 0. 00 0. 07 c. 010 1·

308 10. 0. 000 1
0110000000. 27 0. 3. 000 AE. 1. 180 ’

3. 100 310 300 011 1 307100 071 1

0. 111 001 000 110 1. 010 010010 ῑ

11. 033 033 11. 107 101700 770
0011000000.1000010111.

137 Β. 7. 737 8. 310 10. 033 11. ι

078· ¹
001 quid 0. 10. 00 0. 1. 00 1. 110 0

1.1110110.10001001001110 ¹¹
1010001 1010101110 0Ι 0. 311 rabie 001- ¹¹

110 AE. 0. 10 0
1001001001 00111 1111110 0. 3111 00110 000- 0

1010 111. 1. 381 fluvium 8, 80100011. 0
tumenti 110010 7. 010
1010001000110 0. 1. 170
1001000010 11010 ponti 1. 3371001101. 1011 10
tumida, 111011.. aequora Ae. 1. 110 001- ¹¹¹

110 0107 10
tumidi 1001118. 071 10
1001011100010110. 3. 101 1100111011 ,10.

0. 130 · 10
0001000010 3. 307 10 pulmone 10
{umidum quem. 0010011110, 1. 1710011001

0. 101 0. 0001000 11. 000
100011000οτ0 praecordia regno 0. 000 01

necundo 1101101021 '

1010011 aggero 0. 11 m 110001 10. 103 101

10000101 11. 133
tumulis 0001110 001010 0. 8. 170 00110111 011

iu 10100111 3. 170
tumulo Β. 0. 13 Ε. 3. 10 03 0. 03 000

700 0. 380 8. 113 11 0. 101 001 ⁴

80311. 130 101
tumultu 8. 111 180 3. 000. 317 837 1111

11.13710.30711.0301170031·.1. 1111

3110 707 lut
1010011010Ι 11. 801 · 101

 

