vomentem} 779

141 414144 449·41111111“43.433 gun· ’911111411 01114144 3.. 39
e nimbi 3. 439 11111114 jub& gnlu 7. 793
11111 914411. 74 4114111414444 1. 7443441111 9. 339

111144114414 9. 4. 131 crispent 11111411 1144111111 Ae. 1. 31719193
entibus 94141414 1. 93 114314 Ae. 111414 9. 39 hirsuta 11111114 999.

199 ermae, yenit. 19..99 pler. 9770 7. 199.
are 1114439114 444114 9. 9. 949 9. 739

1e‚selme'rn'e‚ 111. 19. 993 crinium 19. 379

ce remi 3. 999 4114144 3. 499 9. 919 19. 791 11. 9..19.
nt, arboreo, E. 10. 34 403

ntem 91111114 7. 93 1114141114 4111111441. 479

ntes 1111191114 9. 97 4414114 3. 999 9· 103 399 373. 19. 970.
nli, 111441. 9. 9. 94 444111 A». 19. crucem chlamidem 11. 773

1 · 1144414 11111143111111111111. 4799
4114 olivae 9. 9. 3 414431 9. 339 croceo 111111 Ε. 4. 44. 44441411 Am. 933,
re corpu· 9. 3. 999 11111τί14 4411- 7191411119. 997

1444. 11. 393 croceo· 434114 G.. 1. 39 ,
11111 venirem 44411119 9. 4. 199 croceum linquens Aurora cubile 9..1. 417

sse 4144114 Ε. 19. 94 Ac· 4. 303 9. 409

,114141 19. 73 eroco picta 114114 9. 914.

1419441449. 1. 399 1111111419. 4. 199

ι, stenem 1 Crete 34. 3. 993 emineamus 114. 9. 394

nm 1114111141 9. 3. 343 crudele 4311114 1. 393 44111149. 19414411.
n 111111 nemore Ae. 4. 79 44131ρῃ 11. 33 bellum 1131344141141111411.
1111119. 994 941 1411114119. 933

G. 1. 179 1411444444444 2. 913 crudelem 14 nemine 31111 9. 4. 339 41.
1 wa, AG· ³· 303 9· 988 um Ae· ⁸· 970 ⁹· ⁴⁹²

. 11114111, 11.1.99 114. 3199199 ο1113111441441.339111144.3.44ρο4444
1443134 19. 419 3. 301 933

eie 111 otis 3. 117 crudeli 11111114 Ε. 3. 99 9. 9. 934 114. 4.-
113199 · 39914449449111114 9. 144 1411144
1, nemen ein-i 44444. 9. 774 19. 399

, Cretae 4111114, 4. 149 11434114 4411419. 3. 93 1414 9. 4. 493
1, nemen 41114441. 19. 933 Ac» 1. 993 limine 3. 913

menno-e. yem'n‘, 9. 979 crudelibus 1111111114 1. 331

47141411 unguine 14111441,4. 191 (fedelis, 11111411. 1. 4114. 991 mter-8. “
eque unguine 9.7 3999 Anu> ι9. 49 41441 19. 99 Ae· 9. 94 luctus
1 9. 133 9. 339 04134444 4. 99131114 9. 334
411 1141111114 G. 9. 933 yenit. neti 9. 443 vocat· E, 9. 3 34.
e, mse... 11441111 441114 e· ³11 1. 141 ’

ee 9. 779 794 9. 997 ...14111111441111 3. 493

441 9. 493 799 779 crudelius quid 113119. 749 ,

11 19. 199 11. 499 19. 19 999 crudescere 1411111 morbus 9. 3. 994
149 433 7. 391 4114 crimine 1141· crudescit pege· Ae. 11. 933

caueae, 7. 339 endem pugnae 7. 78⁸·

114 9 39 4. 599 9. 439 7. 377 10. crudo Mu 9. 3. 90 Λο. 3. 33 cortine
Ι 931 19 199 9. 743

uibus 9. 99 crudum 444414 19,4 999

[ee 4111447. 493 11441114,44”19.411114. 11441419. 349 eu.

1141114 11. 379 114114 3. 3331141111. 11111149. 1. 399. .

11 9. 339 3. 93 4. 143 919 7049. 41414 Ae. 0. 733 10.,’439 spolie 19.
17. 391 913 11 3311144141. 441411· 399

413114311111111114143. 399 ementem 1111141114 Ae. 11. 999.

1Ε. 9. 99111. 9. 977 4. 139 399 41444144 4111111144 9. 3. 993

19. 499 7.. 419 9. 349. 931 19. cruentet 1414 Ae. 10. 731

1 19. 99 993 979 11444114411119114 G. 4. 13 Ac. 9. 147
11149 4. 417 439 Ae. 1. 494 9. dapibus 3. 919 vinis 3. 931 ·
17. 73 319 439 . , eneae 444 1. 393 9. 341 19. 49919.

 

