10611111110111111 666

*foruli G. 6. 66611111 6. 66 666 6. 661 676 016 6. 666 6. m
'a. 11. 7. 666 666 6111619161 6131111166 6. 666
1111111.. gen· truncis, 11111111 navigat aequor Thyrwnum 1. 71
8. 616 naviget, 1116111 concendat. 1. 667
mit. 11111. 1. 6606 6667. 6111111116. 6. 167116
16 pur.. filiae 6111111116 navim 11611611 ,
161 111 Ε. 6. 76 navia 6. 1111 686 6. 661
lium. 111, 7. 66 667 11. 661 6111116. 1. 167 676 Aa. 6. 616
;, 6716 11111616. 6116. 166 601 166 11. 6.
11 161111 11111116. 1. 676 607 1. 1166. 607 667 7. 600
1116111 111. 6. 161. 1111611. 7617611
6111ρί. 6.· 6- 106 61611616161116. 1. 66
11116161 1. 160 61. 666 111116116611 Ae. 6. 166 6. 111
genua 61666 6. 6. 611 61111116. 6. 616 1. 161 116 6. 676 6.
’1616111661 1161111111. 6. 666 166 16. 66 16. 767
1. 666 111166 611161116163116. 166
16. 6. 66011661 m 666 61, pro 666,ρω11’16.
’1, 6. 1. 161 111611 m 1. 11,,.......1..11. non Β. 1. 116. ³.
. 6616111 701 766 6. 166 1. 106 660
761766 6 666 666 766 761 66 ι’. e. 61 666 , 6611116.
6611 616 6. 116 166 16. 616 61. qumi, 6116161 666 E. 10. 16 6. 6.
1. 666 616 6. 6 6116 611 1. 666 6. 166
666171766 6. 66 61. medonte, 16. 1. 66 111. 6. 716
1. 66 6. 6. 6666.1661.116 861 -
666 661 71166 116 661 160 ne, 1611116911161, 61111161.
1 666 661 6. 1161166. 16 ne ι’. e· 6116111 116. 1. 616 6. 7666.
1 176 666 606116616 611 617066.6666.1116.16116666-
1111111.,66.11·116161611 6. 1. 66 11111116 E. 6. 6
...1. 1111611111111. 111 111111111161111111111111. 16. 111
11616. 676 6111611 1116 6. 666 6. 666 6116111
1, 1. 661 6. 1611. 66610. 666 6. 6 106 Λα. 1. 116
1. 67 nus-bulum. 6. 6. 617111. 16. 66
1111611116. 6. 17 Ε. 6. 611 nebulis 6111611, Nympha, 6. 1 161
6111 6. 66 7. 666 611 pauiu ‚ ced 111111 1169111611· ceum.
6. 1761166 Ae. 6. 166 676 modum mim-Necnon pmim
6. 1166 7. 1111161166. 606 61616111163111166111,161111116.166
:ima 6. 611 uoce 6. 606
filium, 1 111 6. 6067111. 11111111617616166. 661767
,766 666 667 6. 606 606 10 11116. 6611116116. 6. 160 6111611111
1. 167 16. 61611616 G. 1666161161 61.
κ. 1. 61. 6. 6 66 1617111611 6. 66
1. 666 6116166116 E. 6. 71 .
1116111116. 6. 166 11116110. 1. 16166161. 1. 167
1616111, 116. 116 netto 11111111 nohis 111661 colom Ε. 6. 77
611ὒο1111ζὸ6.ὦο ⁴ ὅ 611Α111ιιέτ 35³³ 11661, eirea capue, 111.
111 eo 111611. . 1. .
n·- 61 6. 661 methimannum 6. 616
lemn 11. 666 611611111ῐί1 pedibu· 1. 666
1 1. 666 61616111111111111161 16. 606
1116167 61111161161611 6. 6. 66
16161666666. 666 10. 660 nocio 11611111 Venerin 11. 76
116 176 666 677 616 660 6. 6111111111 76611116. 66
66 6. 71 1661661.6666.66 nefandam 8161166666
7 1716666. 1 666 6. 616 6. 611166116111 6. 16611τὶ 1. 167 belli
1. 666 16. 676116111166111116111 1. 617
61161116. 6. 616 611161111616 6. 766
111. 1. 171 167 666 666666 nefando 11111 G· 1. 676

66

 

