toctnumtttttt 781

311111313111 10. 123 verbe tibere 1111111313 merui 1. 3173111
13. 383 131113 corpora 11.172 tantum de 13 licuit 3. 302 demere 1.
11313 in medies 13131 12. 227 322 3. 33 333 1. 37 3. 33 7. 337 8.
tutem 12. 383 311 11. 33 112131111111131.281 371
1.(1118111131131111111111133. 3. 337 3. 18 133 8. 33 3. 387

1. 310 copie 11111 132111. 031,11ο111.11. 1. 0313. 1. 21 31103
[1111111113181111181133720 ,113 030 1. 103 3. 3377. 13 313108
1. 307 7. 330 1111111131111111 311 111 8. 008 0. 101 10. 3331133.

1111111117.70311311131111112. 1. 3323. 0 adl. t. 383 383313 2. ’

2833. 331 371 1331. 383 3. 383
1111111. 1. 383 11331111 3. 301 171700 0. 30 238 8. 30
113. 131 1311113 10. 317 Deae, yen· 2. 173 227 3. 313 810 8’
131113. 233 317 pier· G. 1. 21 113. 2. 232 3. 31
re 1. 223 7. 311 3. 117 10. 133
1. 3111 vitre 8,. 2731311837 031111 2. 331 12. 133881
131111 11111311 premio 1. 383 03111111 G· 1. 311
meere. qen. 10.17211111·.311- 0311 Ae. t. 303 3. 102 10. 233
'gn 1111 angue· 2. 2111 1313111111 libi 311 ger. 3. 731
‚is 3. 733 tubanis 11. 323 debellare superbae Ae. 8. 833
1 10. 313 tigno 12. 123 1333111131 ferarum ,11. 7. 331
iliae, 1111331111 1. 738 1313311133 111333110111111113 Ε. 8. 33
111317. 133 haee Turnum 3111111311 11312. 317
serium 1111312.1131131.3.177 debentem 31131333131111111 11. 32
337 111 patriae datum 2. 231 debentur, ,11331113 1131111 et 1111113 1. 273
idaeum 3. 133 3311311 animabus 3. 711
1 3131113 Β. 8. 2313131111 111. debere Turnum 111113311117113 11. 173
111113Πί3. 281 hera quieti deberem 1111111111 111111 8. 373
131313. 3003111310. 831 113- deberi Aeneam 33313 12. -733
1111117. 333 13131111 7. 331 debetur mihi 011111 10. 133
311113 3. tto permittitur. eum debile ferrum 12. 3
i. 1. 231 Ae. 1. 113 337 3. 13110111313111113,1311131111111111113.·271
7 300388 11. 233 debilitet 111311333311113. 311
1131113 31331 Ae. 12. 333 debite 1311 13333113, trem. sem. 11. 130
1313. 333 3311311131113 11. 33 tati· mihi 131131, vocat. 7. 1201311111
1313113331 11133131110. 1. 22311113131132. .
enti. 10. 388 12. 22 333 338 here generi 1131113 3. 1811131111
11118. 113 Dee 12783 ’7. 113 Pergama 8. 273131113113.
teror 12. 721 108 solatia tt. 33
. 310 12. 30 33111111111111. 733
17 77 813. 32 7. 31 8. 33 debueram 111111331131111 13. 833
G. t. 370102 2112510171 13331111 10. 013 ’
13 100 1. 81 112 1302011273 1131111 113111 G· 222
113. 2. 78 288 308 323 382 decedent 131 Ε. 2. 113111133311113.
3313 223 233 288 313 331 1. 381 111101311113. 0308
131321 327 137 313 3. 237 13311311311311. 1. 100
0373 330 7830. 38 33 83 100 113-1313133118. 8. 8811. 3. 137 do·
1 1111111111111111113 mum 1. 1111311311 1. 11 camptu 1.
2 388 703 723 712 733 833 18313111 Ae. 1. 333 311333. 331 11113
13317001 G· 2 23 281 111 11. 320
7 10. 187 203 230 330 388 decedet 01111113 13111. 1. 130
3707 713 11. 331 311 831 decern Ε. 3. 71 1. 01 G. 3.111 Ae. 2.
208 121 323 08173213 me 131111. 330
1111111 111131 10. 71313131ιί1 1333111331 11131131. 17
rehu 3. 237 eonsilium de re· deceptum errore 1333111111 3. 181
11311111 3. 227 113313 13 refert deceptus 1111313 E. 818 [raude 13311 tt.
13 rege primitiae 11. 131313 831
indideram ¹1.edderebuettge· decernere inter se cornibus G 3. 218
Ι. 11313 vita 33111111 12. 733 13113 Ae. tt. 218 12. 282 8113

17

 

