1100001110οΰ11 000 -

111111. ¹¹¹ 1111111ιί1 1111111011011. 010

11111111. 711 1111111113011110 007

11101111.111 101111111111. 1001111111 11. 710

,.111 1111101ηω1 111111011111110. ¹¹¹

11.111.111111]1111,μ11111111,1110

11111 ¹¹. 011 1111 cnidus ¹egi¹ 111111, mugit dmm·

01111011 1101,11.1.111

101111111101.11. 001 1111111111ωο. 111

ι’,111 G ¹. 107 1111111111111131111 1111111111. 111

11],111 1. 117 01. 1. 170 11111111111111111111
1111111111 111110111οο1ιω1 11. 111

1111 111111 perhibetur 1111- 11111111,111,1ο111101110,.1 11011 11

101111 perpetui 1111110. 100

111111111101.1 011 perpetui· 11111117.171

1111111. 107 17110.111111111111111111111101
1111111111 1111110. 111

11 1. 7110. ¹¹ 0007. 110 perrumpit bipenni 1111111 1. 110

Ι 111111111111111111.1.111

11 111111ιί1 pente 111111 01. ¹. 10

7011. 171 peneum 1111111 our-¹. 111

110 1. 117 1. 101 1. 11100 persequitur curvo 0111111 01111 nucum

17 11. 100 101 111111 1111101110. 1. 100

1113111111. 011 1111111111

11. 01. 1. 107 111111111181111101301101. 1. 007

010. 110 11101111111111013111 1100

1111. 170 1111111111 111111111111001111111111

1111111111. 10. 10 · 1111. 111

111111011101110.11 persolvo 1111011111111111111111111111·

13110. 1. 100 111110,101

111101. 1. 010 11111111111111101. 71011111111111111

111111111,111111.000 0. 17011111 1131111111110. 111

11111. 070 1111111111 11111 1111111111 ,11. 1. 010

11111. 1111111110

»jae G. ¹. 00011111011Η ροῗιιιῧὼὲ1 1110 1111111 1111111111ωο

1011 111111. 101 10 111111 1111111111 01111111 1110 11111101.

11111117. 010 111 {noemi ,711

nub papiliani ¹¹. 000 μο111111ῃέ111011 111111. 000 311011

oculis 1111111. 11 111111110Λο 010

nub 1111111111111118. 1111111111 m prin· 11117. 111
111-111111 equorum 1111111 1111111 G ³

flumimE. 0. 01

0111111· 111 1111 im 01. 1. perterrita 1311111101.10.110
1111111111111111111111110.100

11111111111110.1. 10 pertulit, 111 pertulusum 11101111.

11111101. 0. 00 010 11110 01011111111110. 7001110

11111111 10111 11111111111111111. 007 ¹

devitatum 111111111111· 1111111111111111, 111 1] 1. 1

11 11. 111 pervenit 10 11111 11111101.1.01 111·

1111.ῦὶ1110110 ιαιο111110,100101111111111

111110111111101. 1. 101 10. 171 -

1111101111 1111110110 1111111111 1111110111111111110.1.171

11111111171111101111111. 1011111111 11011 1110 01. 1. 101

111 rogu 1111110110ωο pamm 11111111 ¹. 10
11111111111111 01. 7 001

ne 11111111Ἥηιτ1, ,011 111τᾶ19111 „³¹ misna hyberni 1111111

00

 

