018 Ι 11

moenia 11. 0. 100 pm alitum 11- Bm
1111111 10. 110

quaeruntur 11111111 1. 1110 ε

quun-nimi in 1111111 cornua 110111

00111111, 111. sm, 111111 111. 10. 0110.

- 111111. mlum, reponunt iu 11101011.
apes, G. 1. 1117

quot-siue 11111 3. 01011111111. 7. 711

quaesitas boves G. 3. 030111ςυί110
101 111. 7. 103

quantuor 1111101 urnam 110111 0. 100

«1111111111. supin„ 11111111 1101111111
1111111111. 1 110,111111“11’ρ. 11111
masc. , AEneum 111. 0. 011 111111111ιο
000 , neuin, munus non hos in 01111.
sedum, ensem 1. 017

quaesivit 11111 lucem 1. 000

11111110 11111 3. 300 miserescite rogis 0.
0711 111 me prosequere lacrymis 10. 71

quale. post, 1111 111 1111 tuum 1111111
nohis «1111111111 11111111. 10. carm
7. 00

1111111.1111111 111111111101111. Ae. 1. 1101
0. 0011070 10. 1311

qualem G. 0. 1110100100 1. 110. 111.
0. 1111110. 100 11. 00

quale 1711 2. 111 ³. 1110110 11.
001 011 11. 0110

quana 1. 1ου 11. 011

11111111. 0. 011 ,11. 0. 071 1101 3. 011 0.
11710. 501 0. 100

qualis. emnparaubm'bw deaeeum‘enn. G·
.’1. 1001. 011 110. 11100 1313110 0.
000 171 -1, 011 113 301 0. 013 073
11. 781 11. 510 100 11. 1100 710 10.
13100011. 100 001 101 331101

qualus G· 0. 011

quam. 11111, 11111· Ε. 1. 0111. 1. 110 003
310 0. 0000371. 300 111. 3. 000370
1. 07 0. 1110. 110

quam, pro, quantum E. 0, 00 3. 100
10. 330. 0. 103 100 3. 0001. 173
Ae· 1. 11. 10011. 1110 0. 300 13111101
7. 7111 0. 111111. 170 11011

ι qu1111,post, 111111. et, 11101 G.1.201

11. 1. 000 10. 101

quam . pon, 1010 G. 1. 000 3171 ,11.
1. 100 0. 70310703

quam, cum, 1111111503. 010 300 100
111. 11. 30 0. 171, ml, 01111111,
111. 3. 131 noc graviora 1111111 quum,
111. 1. 1101 11111 011ςὶ100111 magis 7.
700 manifestius ipsi quam Turno ap·
parere 0. 17 , -

quum , pou, prius 11. 0100 ,11. 1. 100 ·
170 0. 710 0. 000 11. 000 Ι

qumnprimfim 1. 031 Ι
1011111111. 1. 31 10 0. 100- 011. 000.

 

