1001001011οΜ 000

1 11. 011 01111 0101100111 0. 70 The· 10111 1001117 00110. 00 10. 010

1-111 0. 111 101111 0. 111 11111110. 71011. 100

1 101 111 11111 coeli 0. 710 imperium 111111111111111111111 1111110. 1. 117

1 0. 011 11. 17 11111117. 00 111111 maliferae 11111111 moenia 11. 7. 710
7. 7001111111 1. 01 11111ιί11 0. 100 11113110011010. 170

10. 117 miden· 11111111 1. 701 10 maligni 101111 0. 1. 171 11110101. 11. ’

10111111 10110 genitum 10. 10101- 111
001 10. 107 concilium 11. 101 111111· 1111181110111111. 011
1111 11. 100 11111110. 0. 111
.. 111 1 11· a· 1 11
11, 11.. o. 1. 111 omi 1. 111 11.ῑὲ 0111111. 1. 111 ’ ’ ⁶ ''
01101111101101111111111111- 11111,111101·1,0.1. 100 11011111·
re 1. 1 0111111. 1100 1110111111 1110111, 01111111, 11. 1. 007 111111· “
111. 1. 111 Jupiter 1. 111 1111111. 111 'inme om 111111. 111 inore.
1111 01011 mugnus 01100, mm, 10. 11 11. 711
mdo-uum 1311110111
1111 101111 11111111. 1. 100
111, 111111, 0. 100,111.. mitum, 111111 Ε. 10110
11117711· ³⁰¹ 011111111011..
0111111 AE. 11. 110 11111111 1111111010, 11 1. 01
1111111111, pro 1111111111 tuorum 11. 110 1111111110, arbore 1100, 10. 1. 101Ι
n 11,1111,0.1.11111111111011· 111111111111. 101 0. 117 700 7.
56⁸ G. 1. 110 110 piem· 1111101. 101 1. 110 11. 100 001, ‘'m’'
1. 1111οῳ 1. 770 111111, cupa, 0. 111

-0, 11111111 nstin-citur 11007111 01111 nlenten 1011011 1111101 G. 1. 70 ’

mni· iugo 0117 16110111 11 111 1111111 111. 1. 011
major· aab 11011111 1. 1. 1Ι 11111- 11111110. 01011111 1 .
pn· 1111 (1.1. 111 q 11111 1111111 111 E. 1. 10 11111 G. 1. 111
1111111100 ..1. 111 iffi} 111.1ῖ’.11“1.11;.111 111
17. 011 propius 111 11. 107
1110111111 1. 071111 111111 10. 110 mlum, 111111,1. 107ςυί 1101111011
rffnmutfflfflwiuffis G. 1. 1111115011 10111111 111110. 0. 11 111
1 Daphnin 1111 0001111 eger G. 1. 110
111101111111111111111. 0. 071 1131110111 011111 11111101, ffl-
01011111111111. 000 malian, 11. 1. 011,11111,1111111111
101111 011110 B· 0. 11 quidquam 11111111 1. 101
111111 0. 1011111101. 1. 111 11Ι numum 11111111. 110
1111111 1101107. 11 101111 111117. 1111110. ³. 11011. 171
000 11111111 corpore 11001 Β. 1. 170
1111, adim. 1111. 111. 11111107. 11111111111111 1011111110. 1. 010
101111 G. 1.110 11011 1101111. mucetum· 0111111101 ³
110, &ff 11111 Ι. 0. 1111111. 110, 0111111101 1111111111 Β. 1.’10
contegi· 1. 01 grain 11. .171 111111 ne 111111 01111111 Β. 0. 71
1111111 gunni· 1 170 1011101111 11100111 1111111 0. 10
11111, 11111, B. 1. 11 0. 71 1. 01 0. 11111111 m 1111111111. 1. 10
11110. 1. 11 ..1111111111 111 11. u 11111...
111111 111111110. 101 111 11 nonin 011111 11111 1. 111
1111, prinam ,11. 1. 100 110111 inignit 0. 000 ’
1111111111 0. 11110111111111.17001101111.10701·
..1111111111 ,111111 111 1111111 11110111 1107111111
1111, adverb„ ,1.101 1111111. ,1111111 11111 1. 11 11111110. 111
111 01111111 ,11. 1. 11 num· 1111· perfer 11. 010 “
1111111111 1. 10 11111 111111 mitum 011111101111011111111111. 0. 00 ,
1. 711 11111111111111110. 170 1111111111 1111111111011 111. 11. 10 .

10

 

