¹'OC.¹BU¹.0¹¹U¹¹ 773

mu 0111108111 B. 8 07 0. 08 G. 2. correpta 1111 0111114111011111 01111111 10·
308 3. 07 800110. 8. 3800 000111·- 111 01111, nom· sem. ¹¹. 8840101114
10 1111111.Ε.10.00 111. 7. 407 0. bipenni 08101. 0. 4701011111111011,
00811. 773 areum 10101111 11. 800 1111111. plur. ¹. 104
nouat ungula 1011111,μο 00111110. compti· 111111, tyn. 10. 10. 407
3. 1111. Luna 01111010 101101. 408 101111101001101 und¹ G. 8. 284

mua 0111108011, Ε 0. 01 7. 80 G. 4. compium 1111011101 1111101111 4. 408
230 030 4. 300 371 ,11. 4. 01 8. 470 corripio 41111111 corpus ,10. 3. 170
0. 3487. 483 10. 708 12. 701 001· 111011141011110101101 007οἰ301118.
1101 nummum 8. 040. 1111110 3. 040 041 rmum 0. 010 ferrum 0 000 111·
0. ,830 tubae 10111101,7.018 8. 210- [0110433011010 8. 000 11111110 10.
8110011101 1111111 12. 80 330 13. 03 torreri 10 11110. 300010·

10111111. arhor. G. 2. 448, 11111111 cmm, 4011110 12· 302
Ae. 0. 00812. 317 · compactarum 10. 001

coroebus, 11111111 0111· 0. 341 300407 1111111011 0011011 G. 3. 47211101 40.
424 1. 307 1110013. 317 1111118. 310111,

1010111, 110111. 11111. multitudo 11101111]οι tium 1111110010.03411111110.8000111·
ta, 80. 0. 808 1101111. 8. 8388. 880 tile 10110111 13. 370
81 084 venantum 01110114 101114 0. 001 1111110110 eampum 001101 G. 8. 104 Ae.
0117111111, 10. 13211. 47812. 774 8. 14811101 1. 432 1411410031ᾐο

0010011, yon. 11111. 0111100ωο10 em, 2. 107
G. ¹. 1001101. 2. 00 Ae. 8. 110 1011111ιὶ110 omnia. 10110110, 11. 000

10101111 1. 0110 8. 888 7. 78 8. 808 corripuit 1111111 flammi· 011113. 8108

1111111111111110.28101111101. hunc 1110101 11011110. 3 8101111110
7387.14711111001 10110110 0. 880 turbine, 1111111011. Ao. 1. 40 11011111

0010111, 011. 11111. 0. 1. 304 Ae. 4. 111100 1. 102 11110111 1111100871111
418 . ablat. 110000

00101101 fronde 1010111 4. 800 1111111111011110 4811

0011010 G. ¹. 831 3. 81 001 381 300 1011001110111140101011110. 2. 400
383444 472 842 4. 08 00 187 108 101111111Ιο1013. 481
217 383 088 478843.110.1.108107 corruptum 0111111 Cererem 80. ¹. 181
2. 18 214 308 808 3. 141 811 023 00170110 00111 tractu 3. 138
4. 823 8. 318 0. 22 301 883 714 721 codex 7. 742
731 701 7. 108 830 8. 488 830 007 cortice Ε. 8. 13 G. 2. 74 200 304 4.
034 002 0187 273 317 488 10. 430 100 ,11. 3. 83 0. 743
002 11. 22 102 188 107 204 270 034 0010118018 8. 84 G. 2. 387 483 4.33
101 111 11. 111 01111111οω11... cortici· 1,.1. 11
1110110111 1. 74 0111141011111101110. eortina 11. 3. 0210111111 Phoebi omu-
303 300 111111, 0. 347

cursore G. 4. 413 038 880. Ao. ¹. 70 Cortynia 11011011 Ε. 0. 00 1111010011. 11.
3. 178 427 4. 181 283703 8. 270 773
344 372300 438 448 4780. 202 404 10111 G. ¹. 410 423
7. 480 000783 8. 3117 330 0. 410 corvorum-¹. 382.

803 722 812 10. 127 334 342 348 1011111410Ιωί110 ¹. 338

478 744 774 848 1187041820 804 1010111004111110, 1101. 110. 2. 170

10. 001 421 738 838 011 000 plan· coruscant 1101111 01110. 4. 78 fulgore,
111110 corpore 10111001; arboren, G. 0111 4. 08 guen 1011111, mmm, 01.
0. 33 0111010011111111111011001- 8. 001·

1113. 407 Ae. 0. 727 1010 deseendit 10101·1113111111,113111, 11. 8. 0431111·
corpore 111111, 1110 10111,8 0831010 1100111110.08111111111110.481111001
10011001111111101010ςηί ¹¹. 313 13. 887 010

corporeae 11111110. 737 cotonei 101010110010. 078

eorpus Ε. 8. 20 G. 8. 208 4484 410 coruscis 111111 1. 1081110180110.701
..11. 1. 480 400 3. 840 888 044 3. corusco 111111. ¹. 283 1110010110 Ae. 2.
170 878 4. 872 038 0. 88 140 101 333 101ιί1111 8, 301
0101100 038 8183 10. 831 440 800 coruscum 01111111 3. 880
834 004 11. 30 80 801 803 848 13. coruscus 10111 11 1010 1111110 0. 470
370 473 038 001111111ιί1 tert, 11114041, 3. 111

10

 

