60116001011011 6116

6166116 16161117· ’6616116116 ‘³⁰‘ ¹⁰· ⁷⁰⁰

1116 7. 761 111111611μιοι. 11“1111’..1’6161116116116111.

1 humum 11611111 11. 6. ss 161, 611111. ρ1111.,1111616161616111.1.

11611616 1161116 66. 66. 61 197

611161611616. 666 ungula 16161 1116616161 1116116166 10. 116

10 1166661611ἰυί 16. 16

1111111616 11111111. 6. 10 ne in 1116111616166111116616111611661116.

66. 6, 11116

116116 616166616666. 666 161· 11166161 si 111 11161116 E. 6. 16

16111111. 6111 6 1. 611 ,11. 161116691111711. 1. 111 16111

16 per 6166111. 1111, 1. 60616· 116611611661161 tignorum G. 1. 667

1161611666 6. 116 116661111161 116. 1. 660 6111111 11. 1166

61661661 Cyclada 6. 160 611· 1116661611 1666611166611 66. 7. 177

060 111616116616111161661116 16. 616

16116111 616 - speculatur 6111616616 6161116111 66. 11.

1161 agros juvenem 1116611666 866

666 11616161616 61610.76611161110.660

1111161111111,6161 61. 111 11111111 1. 1161. 111 11. 116 111

1611161 unguine 1611161 61. 6. 11166616. 1. 116 Ac. 7. 6666 611666

11111161 61116 11. 6. 11 , 11161661 16111616 E. 10 66

616166161116111111166111. 67 1116161111 66. 6. 1616. 616 6. 667 6.

616111 66. 7. 161 166

161116 6. 116 61661616. 608 1161661116 6. 1066. 116 66, 6. 661

16161111616111 1161161111 61 111116666161. 1611666 610 661601

16161661166111111 Ε 11. 66 speluncis G. 1. 661 Ae. 1. 61

quarum 1161111111 0. 1. 666 1111616. 1. 16 G. 1. 661 6. 76 176 1.

1. 106 166 61. 616 666 6. 11761. 66 177

66. 6. 677 111. 66 6. 6616. 661 10. 107 671 61611.

1 11111161. 116 166111

Ι. 6116 116116661161616111161111116 616

1. 611 6. 606 666. 616 666 1161666611166 16616111 11.·176

6 1116111116. 66610. 666

111111-1166.1.6601·.161116 1161116 (1.1 666 66. 1. 1666 3611.
1111. 111 1. 111 ,

6. 611 1. 117 66. 6. 6617. 111111161,6611616 11611161611111111 Ε.

161111 111 16. 1111 1116116116. 1. 1161 1611. 661

1. 6. 10661. 1. 166 6 1161 1116111, 11116 1611 6661116161 10661

0776 16. 666 607 11111116 11611616 6616111 G· 6. 666 11661

. 16 66. 1. 6661666 671 6 161616161116111111166 notandi 66. 1.

1. 16 16 167 161 16. 66671111 617 pugnam 11111116. 166

6111 1116111111 6. 170 11161611, nec 11611116116661611 fugam

16116 1166111111 6. 107 1. 666 ,

1611. 1111.. 1611 6 606 111111, speravimus 1111 16. 16

616011601661116610611· Sperchias G. 6. 167 ,

106 · 11111616 1661111 11, 616. 66. 6. 16

1116 1111111 (6.6 611 6611161· 1111616111,116” 1166 1111161661 1161111111

rum. 16. 161 Ε. 6. 66

1. 667 6111111111 61· 16. 166 111616111,666111111111 11 ’1111116161616

acervum 116. C. 1. 1611 (ἶ. 1. 66

caulis 1611161 66. 10. 616 1116161, non 1161611611ρί 11116161 16. 1.

16. 67 1616111 11. 1. 6 666 ’

6111166161 11. 66 spernis, 1166 616 6111616 1161611 E. 6. 71

..wius 11. 600 11161116, 1166 1111166 6111611661. 7. 661

11. 6 167 66. 6. 616 111616 61616616, 116. 6. 666

 

