776 11111811

8. pulvere 2. 272 mero 3. 632 30110 8111
8. 207 cerebro 10. 116 63 :
0103010111 signum 11. 171 Eneca. 12. culum
383 0011011
cruentus 03000 1. 17117. 301 cultri,
01001 0. 1. 183 1. 28310313 8. 100 0011111
8. 131 10. 728 11. 010 721 12. 310 run
¹ 300131. 3010013. 333 0. 333 10. cultro·
808 “ cultu,
cruorem G. 3. 310 1. 312 ,10. 3660 3. 311
1000. 218 10. 310 11. 8111 001101
01001011. 087 :spe
01013 G. 2. 8 3. 7111. 181 Ae. 11. 030 0011011
0101010 G. 3. 33 102110. 11. 777 001101.
0101133, 3001001113, 0. 300 . aee.
0103110110101101010 01000110. 7. 113 1 31
0101100011 populi 7. 031 cuim 31
8101101010 pyrlt G· 2. 811 3. 1
cubile 1. 117 ,10. 3. 821 1. 383 018 8. 13 8
112 8. 100 713 12. 113 118
cubili E. 1. 03 0. 3. 230 301
cubilia 1. 183 1. 13 213 ,11. 0. 271 107
0001111100 G. 1. 111 303
03011013. 1. 000 1 322
0110111011 G. 1. 122 . 138
cucurrit tremor per 0303 Ae. 2. 120 0. 102
11 110110 113 00010 lassa 2. 001 circum, 288-
ehlamydem 00100103. 231 per 0330 112
031018. 330 perora 1101110111. 226 307
per 010 rubor 12. 00 380
011 passim, sed nullo 0300110110οη. 670“
cuiquam G. 1. 117 Ae. 7. 002 10. 712 111
0111ςο00. 2· 177 3. 102 Ae· 3. 1007. 81 1·
307 0. 173 183 10 107 111 107 801 1

cujum 50001 11. 3. 1 3. 87 3101

cujuss . 73 0.1. 30113710. 11. 321 1213
7. 187 8. 311 11. 317 000 · 071ἶ
culmen tugurii E. 1. 60 213 1
001011 cerealis G. 2. 317 108 1
culmina vullarum E. 1. 83 1101011001 10. 070 1
2110178 10011- 2. 003 hominum, 3070
Deorum 1. 071 penam 00000101012. 100 1
308 12. 7
30101030. 1. 102 Ae. 8. 130 delubri 2. 303 1
1111100111. 180 31010011 7. 312 1011 7137
3110 11 culmine ijo 2. 200 sternitque cum, pr
1 culmine 'l'rojnm 2. 003 10 7.
culminibus 1. 102 11. 130 12. 803 2. 201
culminis sasligia 2. 138 31 30
culmo G· 1. 317 Ae. 8. 031 100 3.
0011103 0. 130 102 377 01
culmum 1. 321-culmus 1. 111 “ 3. 73
eulpae, 38‘139. Ae. 1. 10 12. 018 330 01
00103010. 2. 8801331131. 172 001· 33 72
EG? ferro compesce. morbum, 0. 3. 23 {2
culpatus 20110 Ae. 2. 002 270 31
00110 novalia 11. 1. 71 nitentia G. 1. 133 , 12. 82

 

