100100100011 071

11 0. 11 13 10. 73 71 G. 2. 202202 · ’7111111111 tede! 8. 887

178 37310. 1. 110 8. 190 200 7. 70110111811111101118.198
180283,1011101100110,Ε 2. 3. 28 3. 70101110110111811110. 308

10 0. 1. 70 2. 287 1. 180 10. 2. 23 7111111111 Phlegethon 8. 881

100 1. 020 887 8. 811 8712112817 Turum 0. 877

GU 0. 030 10. 28087712. 830888 ’70110 8. 838

len, 0000101. 1011110· terge 9. 708

1111, &jod-2 11111118. 0171117. huri Ε. 3. 33 7. 39 0. 1. 88 2. 110
07 0110010.3.313100111110. 3. 810 111. 8. 21 10. 183 12. 718

11111111 0. 801 murae 10. 100 111101 111110111011181112. 171

. 0881.30811010101111.1108.101 11111100 1111111 0. 1. 371 111110 Ε. 1.
,110118 1110101101 8. 1121011000, 372

3.83110110111.383 1101118. 1.11 101111000011 AE. 10.
a, m..- ⁷⁸5 ⁸

111 0· 388 leuto G. 3. 88 81. 8. 173

11Μ10. 228 1111101001 6. 282 8. 180

1117. 277 10111018. 1. 10 0. 1.2103. 2121. 830
mque 1. 001 000 Α.. 1. 0 ees 1. 100 101110
120 8, 803 1101010 E. 3. 88 AE. 2. 2023. 21 119
M 10. 180 200 200 11. 181 720 8. 230 382 172 10. 188

20 787 10111111 Ε. 3. 100 0. 1. 18 2. 1183. 818
12001011 11. 727 81. 2. 22112. 103001011010111000·
ι, 1101100111.. 1001111111 G. 2. 83 111 cum 10101801 annum 0. 1. 213
’110 000811010.8.1811οι101111110- 11110. 2. 113 287 118,

11118. 280 gelu 10001101 3. 803 se· t⁶¹⁰¹ Β. 0· 38

111111 9. 810, 081, 001111 1101118. 1. mum G· 1· 188

10, mer· 01111.. 0101111101. 183 haud Taygete 2. 17

111 1011110111, 1011100, 2, 82000111 ’1111111 2111111· 232

1. 8131 11100108. 720 “ Taygetique 11011 3. 11

10110100118. 731 11 11. 130100101118. 1. 807, η.
11110 1101111 8. 3081101111 12. 718 permutantem! 1111111 1110011010-
01, 1101, 1111110 0010110 10. 387 1110001111 adhaerere.
1101100011100101181. 11· 11111) 11110 Ε. 8. 81 0. 1. 317 2. 109 m
1110, non 1111101110 11118. 183 8101. 82 101 113 183 170 187 371
fl, adverb„ G. 2, 3 131 AE. 2. 110072 3811. 181280
nque 1001011110 metu Ε, 11, 21 313 008 0. 211 828 7. 127 100108
i, 0....1. „neni 0, 1, 01301.. ,.. 101 1110 110 0000110100001.101
1101001111 Ε. 10. 10 881 0. 802 888 11. 237 117 12 81
ie 1110111101 0. 132 1111101112. 208 1320116027 regia 1· 038 11111101
1111110 2. 182 8. 1. 7800111001 G. ⁶· ὓ domorum 8· 00

ss 11111111 eciem perrumpere 9. 813
1018113121 11111 G. 1. 200388 AE. 2. 302 888
1111 10001111 2128 fumun AE. 11. 08 180 0· 20 7· 88 0· 28 388 10.
12 111217 1

11 U 11101 vulnere 001101 2. 138 tecti, 0110111. noe, 10 1111103. 8831010
01131. 1110. 0. 001 7· ²7⁹

*03⁸ 11, 888 1110. 1. 370 180 2. 212 3. 138 1.
1011 111118. 882 3817 280 AE. 1. 031 012 720 781
11111 111 eedem 8. 317 2. 181 101 180 771 1. 187 8. 800
luicio· rege· 0. 111 0. 010 1. 1111111 1010101011
&ifle-⁸2²0 000 1802 51011. 1819088 11. 110 213 102
ne 1 . ·

1110. 1. 30 2. 2021. 182 AE. 1. 111110. 0. 118 Ae. 1. 120 2. 178 1.
12118 8. 7318. 131 813 8. 883 103 1918. 218 8. 188

108 11. 307 12. 11 m 1011011110 2. 181 808

11110 1010101 7. 328 tectosque 00101 2. 238

:een 101110 7. 811 Megaeram 12. Ι10101010 G. 3. 311 102. 879 787 7, 170

 

