1111Ι1111111111111 871

11. 111-11. G. 1. 111 meditando 111111111111111111111 1. 111
u , mauu 11. 11. 111-1111111111 Phoebo E. 1. 11
>oculu 11. 118 mediantem 11111111 1111111 ,11. 10. 111
mium G. 1. 111 · 111111111111111111 11111 11111111 1 11
uomina 1. 111 1111111111111111111111111 8. 1. 1
»1111111111111 11. 7. 711 11111111111111 pentem 1111111111111111
1111111. 1. 111- G. 1. 1111
1111111. 11 frugibus 11. 1. audimur 01111111111111. 1. 171
medior euporo, 111. 1. 171

noue notui 11111111 Ε. 10. 11 medium 11111 11. 1. 1811. 7. 110 11.
11111 111. 7 771 111111 modium (1. 1.117 1. 1111117
11 G. 1. 1111111111 1.111 1. 11. 111 orbem· (1. 1. 111 1. 111
1. 7011111111 11. 011 11. 1. 111111 11111111111111 convorso
111111 B· 101111111110. 11111111 (11101111 1111111. 111
[murium 1. 1111ιὶ11111. amplexi Ao. 1. 1181311111 1. 10110.
1111111111. 1. 118. Actum 1111111111 1. 111 por noquor 1. 111
in 1111111111 111111. 11111- termonem 1. 181 iter 1. 111 11111111
111111 1111111111 1. 11111111· 11111Ιί111111. 1101111111 111 spolium
. 111 11 penetrabunt 1. 111 1. 111 1111111111 uro· 1. 107 oo 11-
1111. 111 io 1111111111 1. 111 [ort [111111110111111 111118 17111·
111111011111111111111 ginno peri 1111 1011 1111111111
.1111111111111.11110.101 10. 117 (fimum 1111111111·
3 187 in 11111111 regino& 110 dium, doni, 11111 111 sequor 11.
..11111111 :utruuuouuuu
111 anub 11. 111 111111111. 11. 111111 ignem 11717111 1111111
montibu· 11. 110 11. 111
modio 11 1. 11111 11. 1. 118 modim Λο. 11. 71 10. 171 111 11. 1111
,1 1. 11111111 11111171 coaddit scopulo G. 1. 111 quo· 111111 ·
111 11 1111 111111 (1.1. 111 111111111111. 1. 111 oooorroropoe·
1. 111 11. 1. 11110111 111 1. 181 11111111ρί1111011117.111
1. 111111 11111111 7111111· 1111111111. 181
17 11. 1. 1011111μι11.1.111 Medorum nilne G. 2. 111
·1, 1111111111. 1111 11 opero 1111111111 11. 1. 118. 111
mue 1. 111 1.. u mou> moduni· u. 1. 111

110 in 1111111 1. 1111111111· 1111111111
1. 17 11. 11111111 1. 7111· 1111111111111111111111. 11. 111
110 mu ponuu 1 117 11111· 11151101 ninus 1. 181
11110111 1. 1111111111111. Melampus G. 1. 111111. 11. 110
1. 117 lapsu 1. 1111 11 circo 1111110111. 111
ox 1111111111 laurus 11117. Meliboee 11. 1111 11717. 1
1111111111111.11111111111111 1711111011 Ε. 1. 1 1. 17 111. 1. 111
' 1177 1111111110 1111111111. 117 1111111111111. 1. 137

111111. 11711 11. 711111 1111111311· nnumin, 1111111
1117001111111110111111- apuu , 1 10 anuuit 11. 1. 11.]1·
111 1111111111. 111 rugae 11111111οωὶ11. 11 remit consequntur
111 donoro 11. 8181111111 1. 1111111ςυί11 1111111111111111.
Ι 111 uon 1111 111111. 1111 1111111111
111111. 1. 101 per 1111111111, [1111111. 111 armis 117111 111511
101 1. 171 10. 11 111 11111111 11. 118 jum 11111111 111111 om, Ν·
1. 11111. 1171 171 11. 111 tior, 11. 1711111111 11. 111
11111111. 177 11. 1110 111111 1111111101111111. 1. 11111111111111811·
. 1111 11. 177 110 111 Achivos me, 1. 1111 aquantur 111. ³- 118
cursus torquet oux 11 711111 toquentur 11111111 11. 111
111 7111111 151117111111· meliorum 1111111111 1. 111

10. 111111 iguo· 11. 11111 111Ιί11111111111111111111111111 111111. ·
1. 111 1 111 ...11111 1. 111

arundine 1111111 Ε. 1. 1 μ11111111111111 11111 G. 1. 11

 

