1111 1111

1111111111111111, anquium, 1. 1071111
11110. 733
sanguinem aciem 1. 013 7. 30011111
11113. 1111, ” ,,
sanguinei cometae 10. 173 .¹
anguineis moris Ε. 3. 21 11111111 1111111
10. 27 11111111 1111111 baccis G· 1110
sanguineo {1³3er 8. 703.
sanguineos 11111 12. 310 '³
111811111111111111 12. 332
11111111111111111 1111111113. 8. 1111111111
pharum Ae. 1. 333 Assaraci 0. 77
11111117. 11 ³
111111111111111111111 3. 117 11111 11.ΙΙ
unguis 11. 1311 3. 30 1131171111 711111
10. 153 187 1113 13. 111 1311 3115
sanguis 1111111 11, 1130

“ unit· G· 3. 1113 Ae. ². 2²1³ 0211 028

11. 137

11111111 31131

1111111 1111111111 11111111]- 3. 1111

1111116 1. 11111. 177

1111111111 11. 42ss 3117 1. 102 ‘267

1111111111- 1. 62

sarcire 111111111111111111111 G. 1. 2111

Sardois 1111111111 1111111111. 7. 11

1111111111 11. 3. 11111 -

81111111Ι qum· rigat 1111111111 Ε. 7. 7311

'Sarpedon 1. 1111

1111111111 1. 1107 111. 113

811111111111111. 2. 11011

3111111111 pupulos 111. 7, 738

111, 1111111111.

1111 G. 1. 133 323 2. 31111 1. 331 Ae.

1111, 11111111. sem. 1111, 1111111 ὀ virgo
,11. 7. 331 ··

11111, adject. ·11111. sem. ‚ 111111. 11111
noeti-r, 111. 13. 3110, voc.. 11111111

· virgo 7. 331, 111111. plum, 1111111111
G. 3. 1711

11111 111111111111111. 1. 2711

11111111111111. 11. 111

1111, 111.. sanguiue 11111111 11111. 113
geute 11111111 8. 30

11111111 1111111111111111111 2. 11117

8111111111 111111 7. 729

1111011. 1. 215 2. 319

8111111111. 11. 73 ·

11111. 1111111111.

11111. meamne, Ε. 3. 82G.1.2310⁶
111 1. 113 130 11. 3. 1311 12. 131
111111111111111111. 3. 111

11111 1111111111 alque Deorum 1. 211011.

’ 7111

“lingo 2¹¹⁰ 111 1111111111 2. 1110 1111111111

 

