1001 numum! 011

01101. 17102111 110 11111111111111. 101
171717 111111 011111 oum 11. 1. 01 1010·
1 (1.1. 118 · . 1. 1111111111 11. 1. 10 Achatem
,1111111“,1. 171 1. 0118111111011. 101 num ¹¹.
111.11111.1170101.1118. 111
11111101 101 0-1 01118111111811011
G. 1. 10 1. 111 vortex kl. 1. 111 11111111.
. 111 11. 11. 11111111, aba· 101 Eurytion 1. 11111111. md..
11111, G. ¹ 10 111111111111 111· 111 1111111111 11 1111111 10170, mm,
1111111111111 11111111, 11. 0 110171111111 11111111 11. 11
1111111 ponder· 1111111 10100
1.1. 110 11. 1. 110 1. 10 7.10 11111111 1011111111 1. 111
1. 101 111 0171 1111111111. 1111111111111111111110. 1. 101 αι..
1111111111ῳο1.111,111,11.
:eoum 11. 1. 700 11111111111111111111111111111111. “
’1ἑ111’1ἱ“11’11““””“““ 11111111111111111111
· · ⁰⁰ 1 1 · ·

risen 111111 0. 1. 111 0111111111 1. 111111 111111 7. 711 Turno 11111 ⁶

11. 1. 110 populos, 11111111, 7. ’111 1111 nnn
1111111111.170111111111111111. 1, 110 11110101011111111011,
111111, mine, vim, 10. 10011111

11111111 0.1.11 111 Teucro· 10. 1011111111 10. 108

1 litora 11. 7. 10 111111 111 1111111110.111111111111111«

1111111110. 1. 101 . tuor juvenen 11. 10. 110 1111111111

. 1. 11 117 100 11. 1. 1101. navem 10. 1001111111 1111111111.
’ 111 1111111111111111111 11. 210 qm

. 1. 11 111111. 1. 10 1. 71 111111οα1110 11110

11100 1111. 110 111 10. 1111111,1110 11111111 1111111 mim.- 0

.0. 111 11.1.1107.17111 11111111 iucem Pergam· 11. 1. 17111.

10111111. 0. 111 piumque ruuntque 1. 111 ¹ng 5,

08. 100.1.111.11101101 000

1.11111.1.1010.1001111. 11111,11111. 11. 1111, 10. 711

11111 11111,111. 111, conjugo 0. 1. 111

cornua 11111 E. 7. 10 101 Garamum· 1111111111 1. 101 w·

11. 11110101 110 7. 111 111117. 110, 1111111. plur„ 11111110.

1 11 11111111 0. 1. 11

1. 110 117110 11111111 1111111 11. 1. 111

..1.178 11111111 Eurydicen 0. 1. 111

111 111111 1111111 11. 1. 111 1101111,

01111101111 1111111111 0. 711 11. 110 pecuda

1 11111111 locun 11. 1. 171 11. 101

nrm 10 101 111111 111 umor 1111111111 1111111110.

mim 1111111,1111111,0. 1. 1101.

111111 11. 7. 110, 1111111111 raptatus 11111 11. 1. m

1111 0. 011 raptaverat 11111011 1111111111 nuru ¹.

1111111111. 110 117

‚ 11111111) 1111011 7. 101 11111 Ganymedis 111

11111, ’111111 11 11111111. ἓὲἕέῧιιτὲβέ 1111 1. 11111111

11111 0111 111111 11. 1. 71 11111 111111111171111117. 7100. 011

ibus 7. 11 1111111117. 111 111· 1110 8. 111 11111011 «1111111111ῐί1

estu E. 1. 10 01111111 11. 1. 111 uptote· 1111 1. 111

1101707111011111111. 11111111 1100111111 1. 1111111111

1111111. 171 docum 11111 111111.111,1111111,1111111111111

w 11. 711 11111110. 111

 

