111111111111 111

,8. 81811111 1111111111111- 111111111111 1111 1111111111 8. 888

1111111818. 10811111 pun· 111111111111111 1111111 8. 808 .

11 818 11111 1111111118. 118 1111111181111111111011111111 8. m

18811 1111117. 811 111. 1111 -

,11111111 11. 111111 mend· 1111. 1. 111

1111·11111111117.188 1111111111811, Diua, 111188

1111111 11111118. 780 :liud objicitur 111. 8. 188

1 1111111 1111111 11111 ut, 11111111,111111,0 8. 188 1111 11111,

- 11111,11.1.111.111

111111118. 888 1111111111 11111111 8. 178 18. 81 Pn'u·

upum prior 8. 880 11111, 8. 8801111111111 1111111118.

regnum 1111111. 878 88011 1111111111 111, 0 81111111 8.

11111 11. 818 8118 ,

1111111 1. 18 1111111111 11111. 818111111 8. 781

1111111 unni· 1111111111 11· trementi, 11111,8. 181

1. 1111111 111 111111 111111 trementi· 1111111. 818

118 111111111111111 1111111111 8. 808

igno 11111111. 811 · 1111111111111118. 80

111111 11, 1111110111. 1111111111 118 1111111811 11111 8. 887

11. 10180 1111111111 111111 1111111118. 818

hyberna 1. 870 11111111111111111 pedum voce-que 8. 818

111111 1111111111 18. 788 11 transeunt 1111111118111111111118.881

num 10. 817 1111111111 procer· Phrygi· 11111

11111 18888 umbra, 113111, 108

1 11111111111111. 88011111 8. 88 puppis

1118111 G· 1. 808 · 1111811 11. 8. 188 111111 Ae. 7. 788Ι

1111811811113118. 118 111- 18. 1181111111 Prochyta 8. 118 hut·

nmmo-mmmm 11. 111

1111111118. 888 1111111 G. 8 178 8. mne. 21210.

11111111 8. 188 - 88 ἵ. 110 11. 181 18. 118

re 1111111 8. 818 1111118111 11 11111 Stygii 11. 188

1111111 11111111 8. 181 1111111111111111111111111 motibus (1.1.

1111111111. 8. 818 878 -

. 111 111 11. 111 1111118111111111.11111111111111.

. 888 8. 878 8. 1811 ’1. 888

111111 Jupiter 1151118887 11111111 11111117. 8

111 1111 clypei 10. 888 1111 1111111111 11111111. 18 .

10. 181 111111 11. 887 11111111 in 111111111111118. 188

1111111111 81111111. 8.·8. 111- 1111111, 1111111111. ‚ 01111. 818 Ao·

11118. 18 nm ingo 10. 888 aba, 1111111111

8 ”lm G· ⁴· n , ⁰· ⁷⁸⁶ fl· mh Mun· μυ.. “ul

,818 ’ 18118. 808 111 quierunt 11. 800

11111 11. 8. 181 11111111, apes, 11. 1. 78 1111111 111. 7.

1111111 8. 818 · 818118881111111118081111118.

111 gubernandum 8. 881 888

111 1111111 poenam reliqui· trepidant 81111111. 1811111,1“111’,8.

8. 7111111111 888 118

1111111 18 1111111 8. 881 111· trepidanti 11111111111111 10. 788

881111111111111111.101 1111111111181111 11111 G. 1. 88 111111

ldyfil ”pum affl, m, ΛΟ· 9· 147

11111, 111111111118. 888 ‹cepa-n 11111 8. 888 8. 181 11111111 8.

10. 178 888

nilum 1111111111 8. 880 ⁰ 1111181111111111111 111111181081111

11111111 10. 881 ’ 1111111111. 787

11. 1111111111, fus-20⁹⁹, 1111111111 :fumuss'fffflffssg 1111

1, 111111. plur„ 1111111111 8. 11111111,1111”1., 18. 718, plna, 111111*
1111111118. 818 11118. 888 1111111111

’18

 

