, 1111100011, 111

101 410 1. 14 0. Μ 10. 010 1111111]111111111μ111110.1.447
11. 701 1111111 me 1111 11111 1111 mlh Β. 0.
101107 4. m 11. 1. 408 111
047 080 7171110 710 1. 17 1111110111 aequore 0111 1111 neu
0 110 100 0. 818 0. 11 10. 811 aequore 0. 118 111111, mmmm
1117108011100841 . 11111111,0.41011.1811111111111
0. 1101100 1871. 804 1111111011
11. 107 11. 110 000 mersum gurgite 10. 100
4. 11 4. 01 11. 114 11. 040 nerui 111111 11 quid 41111 4. 814 prin!
11 0. 184 111 1111111 comum 0. 1110 qnoque. he,
ἰ discet 1111 1111111 Ε. 4. 11 1. 801 equidem 011 ,
in, quo 11 11111111 11111111. 1. neruiue 11 endem 1111 1 11484
meruisset 0011111111 11. 1. 11
.11111.,0. 4. m 41. 0. 178 nocuit 1111 11. 10. 401
100 1111111 oleum 411111 4. 018
11111 1310111111 1 111 11....,111111111 108
0.1. 11 11. 1. 110 0. 140 11111111. 100 - uuum 11. 111
ι 4. 110 10. 847 11. 111 1111111111 7, 001 8. 4 0 17 11418114.
11 munides, 111. quaere, 44111· 014 740 11 418 404 018 001 11. 118
101 188 100 881
in 111111 7. 84 1111111. in 111111 1111111111 01. 118
&Nino-31⁴. 111811 AE m Ἢ 11111. 1. 11 111 1111.
1 . . . . 7
11 111111 1111 11111 B. 0. 10 111111 11. 1. 70 0. 1. 111 111
1111111111 01. 1. 104 11111111 Ε. 1. 41
mutabit E. 1. 10 memo 1111111111 11111 0. 1. 110
io 41. 4. 118. 1111111011 Ε. 1. 10
1111. 111. - Mercuri-n 8.118 1111111111 81. 1. 714 8. 001
n· 11111141 1» 011 mamm ΨΜ 0. 1. 144
arcemanus 111 1111111111 1. 014 umbus 11. 11. 140 101
1 Calydone 7. 107 neue 1111111 111. 11. 144
>m Laocoonta 1111111 expendi-u 11111111 11111 11111111111110. 1. 144
1 1. 110 11111111111111111111104111111 01. 10. 174
1111111111 poena 1. 180 1111111111111110. 144
. 1111111111. 001 1111111111 11111. 444
nomen, 0. 1.141 1111111 1111011111. ίῠ 1111111114. 104
1111111111. 118 coeli 11111111 m 0222?th 1..811 ’
11111111111111111111111110. 1111111 1111111111 1111111. 1.
11 181 11111111 vri-mu 1. ⁴„
11 111111 1111. 4. 147 11111 1111111114 4111 44. 1
111111111440114401118. Methymnaeo [111111 0.1. 48
metu-o napum leun 411 11. 844
01441ωἰ41μ401. Β, w 0111111411071011787 784
111110. 110 Rima 11. m
1. 78 11. 17011111111111.114 1101811011 proxim 11111110, 418
111111.,0.1.11 metita ,1111111111 0. .110
Ε. 8. 001 11. 101 11111111 11111111 t 880
11111110. 1. 010 11111111 Β. mmo. 4.
J 1014.0118.180 111101114418104411141.
ι,1111111110.1.44111111 1441744Ν’4.410700.4017.
,te 1111111 Β. 4. 011 0 4. 11111011. 474 11. 11101
7811.οὔ488 Μ11408714410
110701 ΙΜΜΨῌυὶΙΕᾸᾹῙ
1 11111111 11111111 G. 4. 14 111111111μ11ω *qu 111 opib 0.
mem 011111 1. 171 4. 17 ·
111 1111 11111 11 adigit· ss· 0. 1111111101 Ε. 10. 447
1111111111111141111111110. 1. 410

 

