1008111110111111 888

wne, 8. 888 1110111111 10 110 8. 817 888 8. 888 7. 878 8. 88811.

011 10. 180 87818 188

111810 1111018. 880 01011111. 11 qni 11.· 8. 87. 88 G. 8. 88 8. 888
878888 81. 8. 018 888 888 8. 810

’0 10. 887 888700 8. 81018. 88 88 187

’188 0. 880 10. 18 18. 818 111101ηο101 18. 781 ,

1010,010.11. ³. m 11 quod 8. 880

180 110018 11. 8. 10 G. 8. 888 8. 8. 880

1. 78 Sirenum 10000101 8 808

11111 Sin-iisque· ,10111 G· 8. 88-

1111, 01, 1101111111 1011ιο10111- 811101, 011111, 0111111110 suu· 111 010110-

8801110010110111, 01 , 10· jod 0111118, G· 8. 888 Β. 8.“181

11 ambre· G> 1. 888 18. 878

10000118. 888 81011110 1808. 110 Β. 8. 88 E. 1. 888 18. 888

111111111110 ’1111111111101111 111·

ι ,a , μη ιι . ·

01 11. 888 [effundit 00000. 11101 qui 010101011180111001010.8.108
11110100 10101001 a). 8. 8883100000,

01οι01110 turgt, 110 mma 888
800 1111010 0111811118. 7 100001 fluvii. 4,
1110101101101101 01010118. 8. 8800111111 11. 878 ·

111111 01111101 10 0111 7. 117 ten 11οη..
11 Β. 7. 88 110111 0. 888 “
1110 1111111 1100101 G. 8. 888 1111111111 111οΝ111111 1018111 1011110 1100 8.
1111111011 Β. 8. 80 1111010111 888 ⁸
111 11100111111,001.11111,7. 111111 10111 grege 111 mm 8. 08 in 111010
818 10. 800111 010 0111111011, mlta,
01 11118 1. 88011 111110110- 10. 8881111 10 00111110010001
118701111111111101110 1000. 111110 001110 11101 agmina 11. m
0. Ae. 7. 870 1810118 001011 G. 8. 878
10011111 11. 788 111. 0011101.
10 G· 1. 888 1111 G· 8. Ι888 8. 888 80. 8. 88
1.111“1.111“1.““111”18.1; 1111ἰ1111101811101. ιιι
Ι01111 01801 8. 888 01111110 R. 111101 B. 8. 87 G. 8. 87
1101118. 881, 000. 01011, 01. 11111111. 8. 888 ·
11 G. 8. 8811011110 10100100 1111110101 0111110111 Ε. 7. 87
011 10111. 180111,ήοοι Β. 1111011 herbae 8. 8. 808
00110011 10110 1. 888 11101010 1110 1. 7810. 0. 8887. 880888
8. 888 uegetos 8, moui· 1110110100110 8. 881
11111οῐ0 8. 18 8011108 1011810 1110001110.
pandecten. 718 1000111101, 11101111 11100110 1011110 G. 8. 71
fe, 11111 · ..1.1..11.ι.110.1.1111.11011.
n. sen· mour. 1110010111 8. 888
mh. 11001 8. 880 7. 817 18. 188
0.081·080,011’1081,1.88 1101111101 11. 118
111 1111. 011 1. 111 111 noer-qu ιι. uo

10101111 8. 887 10. 78
ι. 8. 888 80. 1. 8888. 887 10011,]οι.088..111118.888081.0111·.

quin 8. 871 ιιι 11010111 8. m

11. 1. 11 8. 1. 8888. m·- 100
88818 81. 8. w. 17818 18110111 11. 181
111.81111111111 ammonianus·

. 8. 8 m Β.1.1888.887 100111000101011110111100111ψ8 Aa.

8. 18101110011118111Μο1178810
’.888 ’ 0111001010101011181111118.87
ι. 1111. 11111. 111 ...10. uro„ 011. 1ου 101111
1. 88 7. 10 1. 888. 1. 807 111111, 081811, 10111 80. 8. Ι

 

