vocanumnum 739

1ο. 7. 017 asperat ³. 333 - aomo G. 3. 03
. 3. 33 (3.1. 99 139 3100139 “porgere ³. 319
333 3. 73 Aa. ³. 30 130 3. 39 aspergine Aa. ³. 333
1. 793 7. 337 739 799 0. 30 093 3300100300 9. 1. 330
03 300 390373 390 13. 3. 937 aspernanda Aa. 11. 100
190 aapamau G. ³. 393
vina E. 0. 71 asperrima Aa. 1. 13. 11. 319
a E. 0. 37. 13 9. 3. 13 Aa. 3.’ aapetaa 3. 013
10. 103 12. 337 aspexit 19. 733
aa 10. 710 aspice E. 3. 00 3. 30 3. 0. 01 103 9.
aa G. 3. 303 30 9. 3. 113 3. 3 Aa. 1. 397 3393.
9. 3 313 3. 307 Ao. 3. 73 3. 0030900. 771733 033 033 0. 190
1. 399 0. 33 333 10. 331 11. 373
11. aaa aaa aaa aaa aaa . apicem 11. aaa >
a 11. 033 aapiaeraa 0. 030-00103101 13. 033
3. 100 9. 3. 33 3. 130 aspiciam 700
19. 1. 177 3 339 Aa. 0. 091 aspiciebat 7. 310
3. 390 11. 709 aspicies 3. 390 3. 333 0. 133 370 11.
30 30 -υρίοἰοΙ 3. 370 .
1. 3300030933. 303 3. 333 aspicimus 3. 303
13 7. 333 3. 330 029 9. 039 aspicio E. 7. 0 Aa. 3. 309 9. 331
ιι 9. 3. 370 Aa. 3. 000 737 3. aspicia 3. 303
73 m 9. 030 09319. 37 003 apici! 3. 3737.1019.399 1970313.
a 1. 2711. 393 033 3. 339 3. aspiciunt G. 3. 33310. 3. 003 .
133 3. 73 397 007 073 7. 397 capitana 1. 090 3. 703
19. 330 093 030 10. 330 13. 100 aspirant 7. 3
hant 1. 333 aspirat 3. 303 3. 007 3. 373 13. 333
ra 9. 307 13. 133 aapirara 9- 333
uua 3. 393 . 3100110103. 770
..11. 01 Αιροιῑ. a. ³7⁹
3. 303 Assaraoi G. ³. 33 An. 1. 333 0. 7733.
111. 373 11. 313 339 033 19. 133 13. 137
.3. 0. 71 1011300300οο. 030
ιω 9. 3. 170 anensem 3. 130
. 373 mnan G. 3. 33 A. 7. 013 10. 97
303 3. 333 Ae. 1. 339 7. 701 aaaambant 3. 703
100 0010013.. 7. 30
.. 3. 171 3. 3010. 3. 337 ³. 1. asida& 2. 3 9. 2. 373 331 Aa. 3. 333
1. 193 10. 91 · 0010119. 133 Aa. 3. 337
1. 371 19. 173 11. 039 13. 137 31301003. 0307. 13 9. 333 GU

. mianum 9. 3. 139
. 3. 137 animuin Aa· 0. 390 .
00100. 3. 013 . animulat 10. 039
aa G. ³. 313 Aa. 0100 10331 animulam 19. 333
, 1. 333 10 3 ¹2 913 uitam 10. 390
1. 017 3. 397 3. 979 0. 300 11. aniam 11. 710

3113100113. 799

ι 3. 330 9. 337 undrim unitio G. ³. 130
.3. 09 9. 3. 139 333 3. 333 maneant ³. 301
13 377 7. 337 '12³ ³, 310330 υωωςιι Ae. 13. 017
1. 03 703 aaaaeaoe G. 1. 33
E. 19. 39 9. 1. 133 3. 313 0. vanescite Ae. 0. 0330. 173
33 3030111303 3933. 90119 33100139. 1.1·1911.·1.7130031.337
103907 730 700 0. 331 309 nauatae 7. 33
7. 393 9. 303 037 11. 033 093 anuali 3. 391 9. 311

13. 133 mutia 9. 310 .

 

