11111101011011 011

:it 11101 lunis 100111 G 1. 10011111· 0111010111 G. 1..’10 Ae. 3710 3. 101 10.
11111011 Ae. 3. 011 hun-ot membra 133 11. 23313. 073 031

. 30 anhelitus 1111113. 0001310. quicumque E 10. 33 ..11. 11, 810, 000
11 1011111 ’1111111011υο 371 ungula 333 10. 730 11. 3113 331313
napum 3 300 111. 11. 8110111111 quid 11001001 E. 1. 11 7. 1111011111 1.
1110 01103 11111101 11. 7171111101 11. 33 110101 3. 10 sacen-t 11. 1. 10111-
33 numerianum 1011111111 13. 370 0111 111. 0. 300

’.10111 curun G. 3. 131 1111 111. 3. (111111101111133. 7111111111 (1.3. 1133
311 Ae. 1. 00 juvata 770 11010117. 303
11111· F. 0. 03 11. 1. 3113 3. 01 113 juvit 10. 33 0010111111111 ¹⁸1 1173

. 1111111111 1110 111. 1111. 10111113301111111 11110
111030 0113 0. 313 1137 7. 337 3. 033

Μ 10. 313 quid loquar? Ε. 0. 73 11101111 11. 1.101
, 10011 propi iqfim‘eis, qm mmo· 311 31. 1. 13 101111111631301111·
1111111011 0111111111. quar 101111 3. 330 :nemmem 111. 0.
101011100101111 111· 10111 133 301 3. 133 repetem 10. 30

ι, chum, 30. 1.133 11011111111011. 0. 1111. 1, 33

11111 3. 377 quid quaeque quenl m 3. 303

mquam Β. 3. 111 3. 33 111710. 3. quid? qui G. 1. 111

37 103 quid 1111117 11- 10. 3 Ae. 1. 1113 .
11111113.1.110.1.11111.1.110 001111011111111.3.13130.1.333713 .
. 301 0. 3113 7. 11133. 103 11.731 3. 770

mo quid, 11110111111 1. 333 3. 30 1. 1130.
1111111011.οΠ 380

101οἐ ’fflwffig'gss X. 003117, quid mor‹¹>r¹ 2:15102 1. 333 0. 1133111·
’011 · · · 1. · 1110001· .

,110 quid agal 1. 333 11. 1301811110. 073
eyn 1.1117.30011.3 quid 1111111 3. 3110

01013. 1171 300. 33 3. 3311. 3. quid, quaeres, E. 3. 13 G. 1. 1010.
1 3. 3331. 3111 Ae. 3. 0110 3. 031 10 11. 703

1. 123 ιμιί11111113.7013. 733 supera! 13-
11111111 1. 373 373 .
1111 10. 1. 3110 3. 313 1031 quid 1111111 1. 3311 1111111 1. 371 1111111

ut 11111111 (1.1. 3301111111. 300 3. 13

...01111111 111111 ...11.-.11. 1. 1111.. 1. 111 11 101
i 111111 0111111110 011011. 1, 103 131 3- 110. 310
’1111113111001110011110111011131 quidam ὓ. 1. 301 1. 313

minum. &em G· 1. 3011111101 quidem, 11011111.

uu· 1. 511 quidquid 1.. 1. 1011. 11

m· glande! 11. 1 303 1111101001 aequora 1. 333

no 1101111130. 11 113 quietum on 0. 103 113001111101110111
orE 3. 10 0. 33810100117.’0

11111010101011. 3333 , 01111111- 3. 311107 Ae. 17373 130
31311111. 1. 11111 100111) 7. 333

Ι 7. 301 quiet, 11111111. 3. 1111. 307 0. 333
[111 1. 333 3. 7110 3. 107 10. 7131. 303 303 “
1110. 113 1131. 1101111. 0. 010. quiescam placidi· 01 ..1111111 norun.
13 0111 0113 7. 11113 7311 13 703 371

1· 7.131 00111001111111111011001073. quiescant 01011101 01113.. 10. 33

Η 11011111111001111010011. 1. 37
...111111 «1011011111. a. 111 mamm pm'c.
11·1·111111μιι·13 111 333

(1.1. 313 3. 330 3. 371 11 3. 31 quiescunt 01110 erma 10. 330

, 0110 3. 331 13. 303 quietam 1111111111011101 11. 330

mm 5. 13 10 0 quiem 111111 1. 3039000010. 71

ue 1. 333 quieto 1. 330 3. 137

,0011113 3. 3311 33 1013171 quietem 1333 1. 1 7 111 3 30 10.
10 11 1111 137 w. 13 333 317

 

