000 inm

101101111111111111111111111110 1 111
111011111110111111111 foliot-um 1. 111 1·
111111 11111111 11. 7. 100 .

11101111111111111110. 1. 010 -
11111111111111.18
1111 mentem 11. 1. 301 1111110110ΙΙ 1·

exuerint 1111111110. 101 .

11111 1111111111 11. 1 001 1111111110. ἶ
1101111117.110,1’11111,111111111.00”1 0
1111111 1111111110. 300.

ι111111111111.1.111 -

1111111 11111111 1. 10 111111 .·1. 111111·
1111. 110

1111111 puppe· 0. 000

11111111111111 igni 0. 711

1111111 111111 0. 711

1111111111111110. 00

111111111110. 1. 107

1111111111 pedem 11 1. 011

111111 1111111 phun 2. 100

11111111 1. 001 11. 077

11111110. 11. 111. 017001111110
001 1. 007 10113107. 71011. .!

1111111100. 107 11. 1. 170

F
’0101111111111111111 11 7.711

· Fabii, 111. 0. 010

1.11.11111111.1.111

11111111110111.1.100

11111111111111. 111 1111111111 11 1111111.
1011111. 11111111. 110

1101111111· 11Ιί 1.. m

1101111110111

1111011111110 110

111 111111. 010

1111 11111111111111111 1. 0101118111
7. 01110. 70111111· 11110. 77

1111111.0110.1110077. 100

1111111. 110

10000001 Ε. 1. 01 71 10

swerent 11. 1. 118

11111110. 1. 001

flffl E· ⁸· 2⁹ G· 1νῖυῂ Ae· 1· 000 01
007 001 0. 0170111001 0. 0107. .
037 11. 110 11171 100

11111111111111110. 1. 010

11111111111111 11. 1. 2151111111111. 11 ·

faciam 111111,11111]111111 111 vitula,
11. 1. 77,1111111111111111111111
1101 1111111 11111111, 111111 -11
11ψ111,11.11 117 .-

1111111.111.111,11111111111111111- ,
111110;1.111μ1111111..111.71“
11111ιοί1111 11. 070 ι ·

11110111 1711.. 71

 

