1’01’.1411111.()Ι11111 818

sturm 1111111111 1111111111111111 1111111118111181.1.471 ·

11. 118 11111111 111111 11 G. 4. 481
411141141111111111111111111 0. 488 4111111111 111 488
tuin-que 8. 8. 11 fugitur 1111111111 111111 11. 8. 811
’4111111111 parto 111111 1. 800 ‘ruofi 4111111111 1111111111. 8. 488
-Ι 3111141111110111 Ae. 8. 888 111-11111 441611481ἔα41111 E. 8. 84 11411111 Β.
1818811814ἓὲ hyali 111... (1.1. 48888 44188148 448 1. 11111. 1111

888 8. 218 11. 804 42. 788 1111111111
1111111· 11111 11111 111111411111 2. 488 11111 G. 4. 18 nidus ’1111 Taygeto
Furium, 411111 111 Maroni, 1111. 1. 788. 1111111. m. Penei· empo 4. 811
:tumque G· 4. 88 , 1111111111 m. 1 848. 11111111 regna
m 1, 1111111. 1. 111 1. 11 arma 11111 1. 11111 11. 411.
um G. 4. 244 0118111111 1111148844
1114111111 41111441 Ae. 2 481 11111111111111 .4. 888

bt 1111111111 8. 881 taginonem 41. 1. 4211 8. 17 10. 8418182

’1111111111118284 12. 848 11111111 111111111111111118.

11 equum 11.1.18,11111111.1111111111111- 828

111 nebulae 111. 1. 410 111111 2 888 411111111111111111. 084
¹? hu 1111111111111111111111- 1111111111. 188 11.-111

0202·ss 0, 155 quem W'Wffl vestito ffl- fugitnfil 4484488 8. 441 ,18118814 844. 4888

dir, 11111111, 8. 488 sugimus patriam E. 1. 41111111 81. 8. 84141
8141118808 8. 1111. 18111. 8311. 41111111 111111811111 Ε. 8. 88

1111. 11. 111 11. 111 1111 11. 111 11111 quem 1. 11 1.. 1. 1111111111.
Mra ...1111 111 111. 1. 111 1111111 1. 111 11.-111. 11111111.
11111111 G. 1. 14 111 111111. 111111 111 mm? 1ο. 111

8. 488 8. 418 fugin [1114111118]- 40. 88
111111111. 11 1. 1111. 111 11. 1. fugit 1. 1. 11 c. 1. 111 1.. 11. 111

4811 8. 02 7. 811 4108 18. 288 me, 1111 Ιζ. 0. 84 8118
111111111111111 11111 11. 818 1111 1111111111111111111. 2- 2841111411

ἧς G· 8. 81 1201422411 422 4. 88 11111Ὶί1111 1111111 111111οᾶ111 8. 81
e. 1. 821 2. 170 8. 240 4. 71188 irreparabile 11111111 .’1.211411111111.11-

2⁸1 8411 8. 248 8811 11, 181 0. 18887 erm, 8. 441 ex 111111111111114.81)0
800 800 40. 802021010181 11. 818 uram 1111111 Ae. 2. 228 1114111811 8.
12. 488 188742 82811111, luem. 4. 88011111111111 4.
stgmm 8111111111 rr. 10. 081 aprum 418111411111182481111111111148111111·
724, illum, 42. 82 Euro 8. 228 12. 788 111841 8. 888
rugam, 111111. 11111 11. 8. 888 11111181. 11111 per 1111111 10. m 111111 10. 810
11. 881 1111111 Adriacas 81111111 44. 48811111·
1151111111111111111 11. 300 111 11111111 exoa 11. 4410 1111111111·
11131111. 1. 280 11. 8. 480 4. 400 8. 1111111402111111111 41. m 1111111
84181118 8184 411184 818 118181 841 amnem 41. 888 m· 44. 8881111118
nm· 0. 1. 111 111. 1. 1111111111. umbras 11. 111 11. 1111.. 1110111.
1088100408. m 1180 4. 8211 888 2111111111 11111111 18. m 1111111
480 818 “1“. 24 8. 818 888 748 781 12. 0110 11111111 refugaque 1111 mm
11. 7841 12 282 288 881 484 1116111448 118 ,11. 8. 888 111 41311188·
'ugk 11 11111 111111 842111111111111110. 1111111111 ’1. 208
281 “ 1111111118 10. 888
..ἦρι 11111111 8. 888 fugiunt 11. 828 1108 111 81111111 phora
bgr! nuber 1. 1171111 frigidus 1111111 (1. 8. 8481101111 1111114181. 8824.
411111 ponium 8. 812 Nolon 10. 288 ·
Quin 1110118. 811 4111, 111111,11111111, 11111111, 1111111.-
'agn 11111111 11. 713 14111, 1111111111 mutim· 111111.
Ιιμ 1. 111 111 ...1111111111 1. minu 1111. mm, 1ο. 1. 111
³ 111 mur· 1. ,111 11.... 111... m. 1. 111111 merua. 111.. 1. 111
' 44 111111 111 11114118. 418 fulcro 8. 804 “
Εςὲιο 11111 0. ¹. 88011111 1. 818 fulgebat ,11111111788111111111111114111

 

