votmnuwnuu · 811

111. 1111111, Poenorum 118 11111711 11. 1111111111.111
1111111111 1. 111 13311111111111 8.
11 (11111. 11811. 1. 187111111111.111
17.1188.1111171.111 priorem 11111111 18. 1. 111 11111111-
111111118. 1. 11111118 peroro 1. 111 11111111 1. 1711
,1.1117 1 1111111111 nni 1111111 1111 111111 1111111111. 11111·
111111111871111111· 111 ⁸2⁴ 1. 11 meum E. 1. 1111111111
¹¹. 11 111 prium, majores , 1. 811
11111111.1.111 muno 11111111111111.111 ’
11111111. 117 1111111. 11111111.1.111111ιι1 11. 1111111111
111 1. 111 1111111711. 1111
11. 11 111111 111 deficit 111111 111111. 8781. 71
111113111 Autumni 1.111 11111111111118. 1. 11
111111111111 11117111) 11111111101111111Ε.7.711 ·
. 111 11111 7. 118 11111· prisco 11 sanguino 1111111111 7. 711
111 prim 11111111 1. 111 ·
. 188 11. 1 iseum 0111111111 honorem 8. 111
Ρ1., G. 1. 1871. 111711. 111111. 1111111111
111 1. 171 pristina gloria 11118 1111111111 nom
1111 1111111111 111
11111 (ὶ.1.1111.11111111· griffinus conjux 1. 171
11111111 1. 1717. 7818. fiatis, 11111, 1. 111111 187
11111. 111 11. 177 ortus 1111111 11111111111111. 117
111111τί1 1. 1181111111. 817 Priverno 1111111 1111 11. 111
71 1111111 7. 111 juvenum 1111111111, uon. propr. 1111, 1. 171
.·Ιιοηο11ι 11. 1111111111 11111,11911111,111118.1101118
111. 111 111. 1. 1111711.7111.111.818
1ιι111.1.117.111.1. 11. 8111
. 1101111. 117 7.·118. [11111111 1. 71 111 1. 171 1. 1111.
1. 71 111 111111 117 11. 110 18181811 11.
11111111 11. 1.111 11111. 111 81111111
11. 111111 1181111. pro frugibus 1111111 111111 1117711111
· 1. 88 carmine 11111111 1111111 1. 81
feel.. 1111111 1. 111711 1111131111 11111 (¹1. 11111 111111
181 · 111111 1111111111. 1. 17 11 pauet
111111 11. 1. 111. 111 1111111. 1871111111. 1111 libertate
ιό mm. G. 1. 1181. 11 8. 811 111 Latio, pro 111111111111·
1 1 111 111 11. 1. 11 rum 1111111111. 810
’1318 1117 7. 817 11. 11111. 111,1111,11111111111118.111 11111-
1 11. 811 1811 111-111 111 11111111 1171111111111111111
. 1. 111 18 1111111111 811 11111111. 111
111 1. 1111111111 2⁸1 1ιῖ 1113111111, 11 praemium 11. 111
18 7
111 (1111111111. 8. 11 11. pro 11 1111111118. 11
181 11). 118 proavis 11. 111
81 8111. 111 111. 181111 1111111111 1111111 1. 111
1111111 id 1111111 Aceste! 1. 118
18 probavi 11111111. 11. 1111
,1111111 1 111 111111ῑωί111τί 1. 111
1111.,1ὶ.1 11 111. 1111111111111111 ¹. 110
1 1. 11 1. 11111. 111 711 1111111111 gentio gloria 1. 117
7111 111. 111 procedere nimium Ε. 8. 1111111111 11-
111111 1. 1111 generis 11 11111111 1111111111 ,11. 1. 187111·
. 1111118811113111 gius 11111. 1111
procedet non 111111 111111111111
11 1. 1. 111 1811. 181 in 1111111111111ς1111111111111.
1 7. 111 8181111811 111. 111

 

