00010010οὓ0 155

1. 000 · 0
7. 01 0. 1. 00 070 ,11. 10. 0111 ,11. 0. 101000010011000
. 0001111111 mum, 1. 011111. 000000
0111111111 G. 0. 00
“tumim E· 2· 3 fl· 28 ⁹· ⁹⁰· '0³0⁷
1110. 0710070 .
1111111111. 0. 00
1.10 0. 00 (1.1. 0000. 000 11011111. 1. 000 0. 000 11. 700
000 0. 001010000 111111110001
83 1111111110. 0. 007
11305 ³· 2¹¹ ⁴¹⁹ Ae· &uo (81101011 bsh 1011ὼῦίί E· ¹· ²⁹
01 101 0. 017 11. 107 1111111111 neone· G· 1. 100 010
. 1. 000 1. 17111. 0. 701 0. 11111111111111111111111100070010.ωο
1077 100 107 000 0, 700 0. 111111111110. 0. 101
0 0. 000 10.00ορ1·11111ρ1’1“1 1101111111 0. 000 11110. 0701. 100
11. 1. 31 pm 1111111 arbom 1111111111 0. 000
100 000 11. 0. 000 10. 000 11111111101111. 0 1. 01
ploni· 1111110111 portu, Ae. 1111111011111111, 1111. 0. 00 ·
eudemum 10. 071 10. 010
,000 - eadere G· 100
pus 10. 107 caderem ,11. 0. 101
11111110. 1. 101 caderent 111111 G. 001
. 1. 110 111111101011111 1111111111 111. 1. 000
11. 0. 001 10. 000 1111111111. 10. 1100 11111111 1111. 1. 100
110. 1. 010 ondit E· 0. 17 (h 0. 001 ,11. 0. 1000.
0. 00 0. 00 711 1100010100
l. eum AG· ³· m cado me , θ· 22⁸
.. 000 0. 11 1. 000 1. 001 11111111 1111111111. 1. 000
100 10001001 1111118110.. Dardanidae, 11111111, 111.
1. 0. 00 11111111]11111,111111111, 11. 10. 010
E· ¹· ⁶⁷ “dunt E· ²· ¹8 G· Α· ⁸⁰ ΑΟ· ⁶· ³¹⁰

1.11. m 10100 moriemur, 1111. 0. 000 111· “

0. 001 110110. 170 1111111111111 donantibus 1111111111 11.
Ι. 1. 011 1. 01 1111 11111111 11., 0. 007
rigore ,11. 0. 001 01111 G· 1. 11 Ι
m 11111 111. 11. 701 00011111 1111311110.
, sen· 1. 100 0000. 00011110. 100 11111 opin-
. 10. 10 11111111 0. 1. 110 111111 0. 000 0. 000
1. 510 11. 170 spicula 1. 007 11111 11. 1. 010 nu
0. 00 0. 1. 070 1. 11 0. 1011111111110001111111111001
. 101 - 111111 forn 0. 100
0. 050 10. 010 coecum 11111111 0. :m
1. 0. 100 aevi 11111111 G. 0. 010 cmi 11111111 Ae.
170 , 0. 011 ignes 1111111111. 000 111111
11. 001 caeeis 1111111 0. 001 11111111 11. 0. 000
803 101 porinum 0. 000 11111111. 010
ἱ. 8111 111111111τί 010 131111. 00111110.
111 11. 111 11. 111 1111. 111 murnum 11. 111 ,utve
1. 0. 000 11111 .
1. 107 ,11. 10. 100 11111111111110. 107 lupos 0. 007 tu·
1111. yeme, 0. 0. 110 11. 7. 1111111111ιο. 1. 101

caeculus ,11. 7. 001 10. 011

111, 30⁸· 0. 010 11111111 consilinm 7. 001 11111111. Μ
. 071 11111111 10. 700

1111111 11111 111111 1. 000

 

