1011111011111 1005 ’

17 0. 211630 10. 87 1110111 Amo. 37311 1111110100 hine 0.
6 36011870312. 137 668 381 · 133 somnus 10. 716 12. 300 0111111111

6 1111111 11. 621 rostro 1011101111, m.
n) 11. 0. 1 02 ,10. 11102 7. pentem 6111161 11. 7661116111 111161
1111. 1. 0111 e. 11111 11 ,100 , 1116611311810. 11011111 11. 111 ’

8 11. 20 127 611 12. 181 671ξ1111, 11001111, 1111011101 G. 2. 371

er) 2. 2101. 300 660 Ae ³. 688 Ι11111 imparibus 3. 632

8. 661 666 716 0. 173 781 1111111111 111101 Ε. 2. 68 1111 1111110118.

8 83 eampum 61ιί seges G. 1. 77 videndo

1110) 3. 302 7. 162 8. 101 11. foeminea. 2161111011. 1. 0061011111

signet 111110 6. 766 uritis 11101 vestras ³. 673

em.. G. 1. 611 111. 1. 663 3. uritur 111110 1. 68

10 0. 601 620 20. 263 11. 120 111111 7. 702 1111 ductis sortibus 0. 22
uenam numennumen. 132

11.,11. 1. 26 (1.1..186 2. 166-111111 6. 37 8. 368

,11. 1. 101111 101 1111 1011111110. 111111. 1. 11

t 187 226 603 6. 02 378 7331111111111111 111111111111111111111111. 1. 7811·

. 207 3613111610 8. 200 131 10111011111010111 2. 30

10. 11 11. 280 12. 862 use 111 1111111111 hie 10111101 Ae. 1. 08

1. 36 ,11. 1123163217210 usi 11111611, verubus 11 anim, ³. 102

13 3. 120 270 6. 760 8. 101 0. 0111111111. 008 371 1120. 01 7. 311

0 10. 110 11. 206 67212. 101 ⁸. 668 0. 120 12- 018

11110111. 0. 01 ,10. 2. 0280187 10. ’

Ι. 3828. 06 321 usque 111 E. ³. ³³ 1001001111
ro, 111611 G. 1. 23 ,11. 11. 202 usque 1110 11. 1. 12111.
131 103 Ae. 1. 112 627 2. 231 81 usque adeone ,10. 12. 016 1111111016
60 607771 3. 132 113 3113 1. G. 1. 2113 1111100111) 1. 211 ab 0111111
. 1107 078 8. 1613117011. Pachyno 11. 7. 28011110 1010111111·
2. 010 610 010 000 que teneri ³. 381 61110101111011111181-
10 2. 363 10. 130 cenes 11. 317
ros G. 1. 1811111 ³. 331 usum 1111101111111111110 usum agrestem
1011110111111 2. 100 6. 3. 163 castrorum 3. 313
11111111 flammis 1. 83 flammis, 111111,11110111111 indiget 1110111. 2. 711110·
11. 2. 37 ditando extunderet 111111 G. 1. 133 ipso
11111 necle! diesque, 1111111, 111161111111111. 0101101, 2. 22 olivi
Ι 2. 10011001110110111111103. 1360·
16110110 10. 376 quorum 3. 211 nec 11111101 11113. 306
uris in 1011111 1111111111. 1. 110 neque eret coriis 3. 630161101111101
..Ι 1111111111101113. 200 eligitur 1111111 1. 10611101 pervius 10-
11110111 11. 11. 601 1111111 11. 1101011121111111111111031216311011
hos quaesitum munus in 111111 11. 1.
1110 2. 633 617 nune 11111111 111111,011111, 8. 111
10111016. 3. 2221101111 ,11. 6. 111, passim.
- 111 11111111111116. 1. 217 Ae. 1. 170 8.
pondere, 111. 2. 332 136 321
1010 3. 670111111111111 111 nitor· 11111111 1116. 1. 31811. 0. 11
7. 703 ut, 11101110, 12. 816
11111 1111110 arboribus G. 1. 111 11106011611011101110111, ι’ 1.1111ἰω,11011·
11111013.6231111011160116ἰ11111 11111111, ex 11110, primum 1. 100 2. 67
:vicina persidia, 110-1. 200 1111610631 661 3. 63 6. 11 178 6.
1111111·1111111,110111,31. 1. 386 100 7. 1128. 1 6. 107 227
deine viribus 6. 220 11111111- 362 610 0. 380 683 722 10. 118 306
11 irritus 6. 11231101101111111111 118 1-11 670 680 610700 821 11. 36
tn 7. 211 1111111111111111011111110· 10 838 861 802 12. 1 120 321363
660 1111111161 Turni 0. 7311· 667 710 860
unicium 08011116111111011 11 primun G. 1. m Aa. 1. 310 1. 260

 

