VOCABULORUM 333

1111113 333 111113. 73731· 111Ιί 1. 3313. 37 3. 3333 33 10. 310
1. 113111111333311111113. 71311130

11311111 1111137331111111111 11111 1111111 1111111111 1111113. 3.137
3 11. 17 3111111 7. 33 agnen 1111111111 1311111 1111111 11. 7 710
13111111 3. 33 11111111 31311 maligna 113 11113. 373

317 11111111 111111113733 111 11111111111111331731311111.11. ’

11 10. 133 genitum 10. 131111· 333

3 337 111111111113 331 111311· 1111131111111113. 331

11. 133 1111111133. 130

1111111 33111 31 1. 331 111111,111311.,31. 1331311333333
1111111111 311. 1111111111. 313 hominum 3.13.31,13]111.,
1113333711311333311111 311]ἰ.1.11 3. 333
1011111131113111111111131- 111111, 1111111111, 3. 3 33313111111
1 3111111. 330 111 Ι,11011111 ιο1111,31111311,31.3. 1371111111·
1. 111 1111111 1 111 1111113111 vidue 11111 mm 1111111.
11111131101111,111111113.1113.733

11111111. 133 11, verb„ G ³ 33

0 311 1111131. 1. 133
1111111.,3.13313131111111, 1111113. 1333

11111111,1. 131 mlo 711111 11111131. 10. 113
31313 11111 Ligurem 1111111113. 3. 133
AE.³. 110 11111 111 ,1111111113 3. 31

11, pro 1111111111 1111111113. m 1111111111, arbon 111313,31.3.133
1111113311111111111111·1111111111.3131.1333.3377337.
13.1.113111111111111131 1313. 333 11. 330 331 1111131111,
13111113. 773 1111111,11911, 3. 313

111111 ι111 111111111317 113 1111111111111 3111311 11111113. 3. 73 ’

iumagus. 337 1311311111. 113 1111111 111. 3. 333
ι71131073171713.81111.1ί goma 31711113 8311318311 331 11111 3.1.133
’1113131111 33. ⁴⁰⁰ ⁰3523¹0¹⁰³³2¹⁰5³⁸ 111 111
:m ³¹³7 ἴΙι 11 0 113 5³th m 13η1397 ”1131 11113111
¹¹:³3 1111111111,οῶ 733 Π3Μ311Μ. φη ¹
1 1111111131 31 11113113 1.η1ι1)1;1ψ3“;3ι1131118311111;1111ἒπ3α1’1ῧέ
11111, . 1111111 11, ...1
ωῃ3.ι3381713313ἰ3ῃ3“ 133173 1118111133 11111111. 133
3ῗ311101107.3311133111111117.1111111133 3. 31011. 371
111131111111111111113.1.171
adj-aee 11111411111111137.1111311131131 1111111113 3113
311.. ’110111111ῖῶ 73113111331131·
111111. 31 gra-nn· 11 171 11113111111111111111118 3. 71
madni- ’3. 13118 3 71 3. 33 3. ἱᾝιπᾙῖἱωῢε 3ωῆ
133 3. 33 1111311 11111 1131 1111111. 3. 11 11111111
111111113. 133 111 11 1111111 ³: 3111 11111 1. 111
22:⁴³& Ae ὅ m η ⁰⁸¹ 1111131613ἰ111011ῡ30370111111111.33731·
11111313ῗά 731 10 331 3113133111111111 ’.7 337111· 173
adverb 1ι {amm ροὶἲῗᾶῆἀιῧὲ3 31 111111 10. 310
” ,

33

 

