xomuutonuu 333

1 1. 323 2. 11. 000 121100 0110111101 111111 0. 1121 110010110. 001 ι

11.]111.,11117. 103 127 110 1111011111 11100113. 703 opu 0. 70 0111.
1110 eu, in 11111111 1110110111 00101073110111101 10110170001011
3. 32 1111110111 0. 077
10011110. 3. 100 1111011101 101100111100111, 111111 , G. 2.
[110110 1. 033 203
10011110 1. 002 011110. 007 10. 1. 10 000 3. 0000.
0101001111110 00 1. 030 201 0. 03 31 10311111 0. 000 111111
1111101 Si 001011 11. 3. 00 01 0111- 0. 007
31101111110. 1. 20710 011111 111· ostriferi 11111110. 1. 207
2771001 01101001110111011110· 0111112 0003. 17 110. 1. 013 700 0.
000 11101 1111011111 1111010 no· 130 0. 1111337. 277 010 10722
0020111001 extulerit 21110 AE. 11. 72 772 12 07120
1101110. 200 01111010 2. 330
10 1111011111 3. 1071111 031117. 0111111012. 313
011111 1111110 7. 070
’1111111111ιωωιιιιιιιιιίω “⁸ G'A¹' 117111 181111 11 111
1 ι “ oum θ. · ⁶ ι
n. 110111. propr. 0111, 11. 3. 073 1111011111 Ae. 0. 003 0. 200 12. 070
·8. 102 031 10. 333 12. 000 01111101 10011 G· 1 000 guttum 00111 1.
10101111103. 000 1100111110 0200111011 Ao. 3. 103 11111 3. 000
111111117113111 11101110. 202 1111111 0. 003 putemus 11100110 0.
1 111111 10. 13131111110101101 077 100101 3. 71 1111011111 10. 00371-
11111111. 033 11011111 11110 0. 11010110. 030 0011111111. 13
0111111111 701101110110 10. 003-οΜ
. 2. 303 G. 0. 000
11111101 Ae. 7. 720 0101 11. 2. 33 3. 30 30 30 0 0 007.
. 2. 02310.1.2000312.030 33. 02 10. 10 00 (1. 2. 370 3237
10 . 011 0. 10 Ae· 0. 000
101 010000 111111Ι 0101103. 03 ·
111ω1111π1Ὕ11111111111 11111111131131Αι ⁰⁰ Μ
121 3. 07 0. 101 0. 31 07 0111001 2. 02
2000 707 0. 00 220 320 373 oviu- 1. 22 2 33 G· 1. 172130
13. 237 330 3. 0711 10. 010
12 030 12. 000 Ρ

1111010 01ι11111110 1202

''aquiro‘' (1.10120081720 300 1,.000ι 001 1001011οὓι382000212041002110 οη
000 1. 020 0. 1720007. 1. 077 12. 070
. 00 10. 300 12. 30 pomumque orben 3. 0. 17
10 G. 2. 203 20. 0. 0000. 1110010. 120311. mmmm
1 101111 hnc 1111 0. 000 1100ιρ ‘g 100. 00011001 ,0 ί0011070 0.
’1011001 31001111. 2. 20110 00 33 7. 100 200 033 000 0110
a 111,1Ῑ.111·1111,11.1. 0.11111.11111.111110 110111
11 1101 0011111 0. 710 010 000 12. 202 021
11001 01101 1111111 01101 11. 0. 11111110. 023033

vah 00 0111111. m ·
11111 11101 urgenti, 111111, 2. 1101 ,2. 02001. 0. 0027. 030·
1 101111 7111110 1111111111 11 ponium 1111110. 110
Ae. 2. 200 111011010070 1100110. 002 0. 010 7. 200 11. 302
1110. 0031111111001οΛ00 00300012112
0111 111011111130110101111. μῖιηδι 111οἷ ¹0⁸⁰ 111111 03201111· 1111

11 1

1 1111 10111 1. 210 110111 0011111111 10. 722
numium 1011111111 0. 201 010111,ομ1101,10.73
11111011 11 110-Μ 0. 207 1101011000. 2. 200

 

