700111010000 407

777411 ’11177 4. 74 adj. 1717177777 G. 101401 044 740 740 4. 141404 404
47 111. 1. 44444 4. 440 flu 4. 0..Ὶο 100 474 10. 41044147411.-114
“ 100 114 041011 11. 144 404 714

. 414444. 4. m α n ΝΜῢω, fin„ 14· οο 4010.4.141οι4*47.444
00 tamam 0. 4. 140 Ae. 1.101 4 41114
umbram (ἰ 1. 44 . 4. 017 7.1471410.,44411. 447
lum aris 147 R 744 1171770. 4. 100114 Α.. 1114 4..411
s· G· 1. 417 1117170. 1. 104 Ae· 4. W
que, nom prop. vu'n', .·17·. 4. 014. fimes Αο. 1. 110 0. 47144 4. 1747.
. 1. 10 10 0. 40 4. 000 114 114 4. 144 4. 140- 10. 174
pocula. 447977. E· 0. 47 [7777771771. 707 4. 001
tuis 0, 4. 171 - tumulans 010 11. 004
1. 1. 044 G· 11. 171 11777771ηο7 4. 411 .
1. 170 - [umuli 1. 7041 71101444. 444
emes Ae. 7. 701 stmulo 0. 010
ζ. 0. 110. 1. 107 4. 110 cumulos 0. 010
E. 4. 40 G. 1. 4441. 410 411 4117717710.0011.41 ·
7. 170 sandi 1. 014 047 4. 404 107 114 414
G· ¹:⁸⁰⁸ · ¹ 11. 144 044
717. 4. 414 , 17777101. 441 401 0. 141 4. 414
ὶ. 1. 000 ’ [tuli 11Ιί7 Ae. 4. 40 ·
1777117 717. 1 14 sm ago 0. 041 0. 040 001
77777117 7. 404 tui 1. 74 7. 040 4047. 41411. 140·
Anno 11. 717 - ’ · 11. 47
,0. 440 - farier 11. m .
777 iuquit 1. 1007771717 17. 4. fam 0. 1. 70 m 110 0. 17

· farfugio· 4. 100
77117177 4. 401 surm 177. 0. 744
1. 401 1477170. 1. 140 ΑΒ. 4. 401
[mh 7777771 E· 4.14 47777117 41. 17, aequm, 1777777777, 0. 1. 117 4. 041
741 Λα. 1. 41 1101107 401770 4.-110
77177 1. 044 404 0. 400 4. 44 ”0 444 7. 4414.
=1onga angina m. m 7ο. 777 nor 777 7. 777 77. 7777 77. 777 ju
G. 1. 404 4. 447 Ao. 11. 701 717777777401. 100 004 monstrum
7 dinco G. 1100 mm Δι’. 4. pin 177. 0. 40 hah-ant 1777777701.. 0. 04
amntem 4. 404 num 4. 014 [nee 11. 0. 00 0. 0. 010 4. 101 ·
me 410 sm· 1. 400 Ae 0. 4117. 170
7 7. 7777 saneim ...7777 ις... E. 7. 1771
,ο hun 0. 1. 414 faselum G. 1 117
e. 4. 004-17111711. 404 11707074 010 4. 01
7. 04 7. 400 iugo F.. 1. 17 vit 1777171 le 1. 70
0. 440 umuli! 10. 404177711- 1ιηίρα 11. 1. 414 700 71. 101 0. 400
10. 011 · 400. 0777777777,0.1.110 rurum 17.
αἱ Ae. 4 44 ’ 1. 011 777417 1. 411177·ιί 2’. 0010.
G· 1. 141 Ae· 11. 474 444 culmini. 1. 400
7... ιιι-...77770 7. 777 tormi- 7..7.. 7, 777
7. 141440 10. m, 771111. pm- 041 11. 0. 44 0. 4. 444 444 714. 1.·’11
014. 414 7777777171. 1144 M 414 140 141444 &w 1. 44 04
1777177111 1. 7”·011040111 4. 401 ·“ 111 144 440 400417 0117 mm
nugffibn 1. 7. 77 ingiam· 7.. - 777 7777 777 7. u 777 w 7771777
Ι11 ”· 441 474 4700 0. 40 71117 474401
rimiae 11147114 4 404 ’ “ 411440 740 444 441 7114 mm
7414711 G· 1. 444 · ’ 144 444 4. 404 404 474 701 0. 44
men, 1771413074 4. 11. G· 4. 147 104· 10. 44 114417 404 471740
.. 11414 44. 1. 414441 m 400 11. 47 111 100701 11. 111 004. 007
7 1141 4.·411 140 104 041474 470714
4170170 mm 047 444 4. hin. 747711 4. 040 4. 40 011 4114171141·
001 041414 401774144Ἂο 1710, 0701177447,·1. 440 ;.··.

 

