106166103611 737

urbem 1. 333 Accone cim 3. 366
’. 366 aeden, plur. 3. 167 13. 173 667
empus 16. 11 aedibus 6. 3. 163 6. 366 Ae. 1. 6136.
1111117. 116 111117. 166 166 13. 33
mina 7. 6636111 11. 667 aedificant equum 3. 16
1111661111 6. 336 3131111111 13. 336 1111111163. 71.
6116. 366 1113111116. 666
6111111116.1.133 ue 1 G. 1. 13 11. 10 637 negor 111·
virum Ae. 7. 63 clitus 6. 133 3. 6111161 1. 313
6116111 11. 611 ’ 118]61,1111. 6. 361136

311 Aegyptia conjux 6. 666

inp. 11. 667 Aegyptum 6. 1. 331 Ae. 6. 667

6. 36 6. 361 Aegpptun 6. 1. 316 Ae. 6. 766
vm. soem. 1676663 3. 363 31316. 6. 36 31

m 11. 111 abt. 1. 1111 113116. 11 1. 11
6 16. 67311111. 3. 173 16. 671 Aegonis 1³.. 3. 3

dae. 3. 36 aegra 11111116. 3. 613 aegra corpora ι

16. 633 11. 3. 666 3. 116 3111116. 166
. 131 aegrum 1. 3661. 36 6. 661 16. 613
1. 111 aegre c. 1. 111
pen. 6177 661 3. 113666 1131111611111116171111161. 13. 16
13. 367 phar. 3116 11666 aegri, plur. 13. 316
¹· 3. 636 Ae· 3. 367 6. 661 1131116. 1. 361 mortalibus 6. 1. 337
1. 361316 Ae. 3. 7371. 1113366 16. 371 13. 666
63 6. 373116631 636 3. 317 aegros 111116. 3. 136
731 13 1. 331 376116 366 agrum amorem 6. 1. 161 1111111161.
6. 16. 16 ΛΘ. 6. 766 3. 661 16. 666
11. 36313. 366166161 161 Aemi, pen. 6. 1. 133
6. 661 6. 6611. 376 631 m 1111161111. 16. 667
*sum nitens 8. 337 in 16111ι aemula pristis 6. 167 1111111116. 1111-
ῐ11 3. 311 611 aemulas ραι 16. 371
116 6. 60 aemulus 6. 173
[111111111111. 7. 36 Aenea, Aeneae. Aeneam, Aeneas pas·
agmen 11161 13. 666 161, 1111111111 siuputarium. ,
111116. 333 puppim 6. 116 11111611,ρὶ111. 1. 1617. 3613316.
nimi· quae dicam 3. 713111- 616 3. 336 166 736 13. 166 773
n 1. 611 mente· 6. 36111111· Aeneadas, aec. 3. 16 6. 166 6. 311
6. 116 1111111161. 7. 616
161111111111 Ae. 7. 136 Aeneadum, qen. 1. 663 6. 166 16136
*rom 6. 161 11. 663
r 1111111, 611. 6. 31 Aeneia, 1111161117. 1 16166 11111131
ms 71111113. 616 Aeneida, voe. 3. 663
arinis 3. 173 Aeolo 1. 6313. 613
. 33 11, 366 Aeolia 16. 36
6. 613 Aeoliam 1. 66 6. 116
1116. 1. 163 Ae. 1. 136 Aeoliden 6. 1613. 771
116 11. 766 Aeolides 6. 633
na omnia 6. 366 nocio· 611 Aeonis 11116. 161 procellis 6. 731
166 666 1111111111111111- Aeolus 1. 6661166116
hasta fervidus Mempm 13. aequa 1111 culmina ponam 13. 363
11611 lucius anon 111. 766 operum
6111161016. 3. 376 thol-em justis partibus, 1. 61361111
1111191016. 1. 63 regum animis 6. 133
3. 16 337 661 161 7613. 33 1111116111 pedibus 11111116. 3. 333
aequabit 11111111 Olympo 111. 6. 763
67. 363 111111611131111611 1. 163
1. 1. 163 3. 336 6. 66 &equorum 3. 661 6. 163 '

›. 8³9 aequum 11. 1111

 

