111 11 11,

(11111111111110. 0. 00
(11111111 1111111111 Ae 0. 130
(1111111111111110111 1. 000
numa Ε. 3. 1 00
Damnem 2. 37 30 0. 72
nemon 3. 23 0. 10 02
Damonis 3. 17 0. 1 0 -
011111νί111 ,11. 2. 110 vela 3. 101
01110 ’1. 110
1111112- 0. 100 117 327 113 100 000
707 002 'fl
1111. 1. 1111111113. 111 1111. α’
’ 101111111011 0. 002 ΙΙ
Danao· 2. 1071 200 110 0. 0111 fl
0111111111 100 002 7002 11 :m 11 11
00 102 170 270 300 070 30011110 130
102100 072 3. 811. 100 8. 12011. U
011111111111 Musae 0. 0. 00111111111- n
111 0. 2. 212 arbuta 2. 200 lora
3. 107 11111111111113. 200 praelia
111τί 3. 200 signa equi 11. 003 son· ὼ·
111111111ου1 lymphae 1. 370 11111011Ι
manibus 11111Ιί ,11. 1. 700 frugem.
1731111111 2. 300 incendia lucem 2.
0001111 111111 2. 033 pacm 111111
venti 3. 7011110111113. 0001131111
1. 107 sonitus 0. 1301111111 parcae
0. 7001111111 7. 303 0111 111111·
11 1111111111. 701 1111111311111
“ 0. 007 cycni 11. 100 mnes 12. 021 Di
, minum 11. 011 [11111111111111 11. (1.
0101181111 1101111111 12007 terga d.
1111111 12. 103 cuneum 1110111 sor· 1).
1111112. 070 (Ι.
dantem 111111 0. 530 jura 0. 070 u
11111111111111111 0. 001 11
&pes Ε. 1. 111.. 1. 111111111 1. a.
¹ 1111111118. 171111 11. 731 d:
naphni, voe· Ε. 0. 20 27 00 9 10 00
9111111110. 83 ὼ
0111111011 3. 12
Daphnin 1. 111. 1111 11 τ. 7111
7071101 00 00 00 111 100 102 101
11111111102010 11 10 02 07 01 ’1.1
«lapibus G. 1. 133 ,11. 1. 2117103.
2213000100. 120 “
Dardana pubes 0. 110 7. 210 mir. plur.
11111 2. 010 tela 0. 07
Dardania urbe 2. 00 10](’111111111011
110 10. 320
Dardania gentis 1. 000 urbis 2. 2οΙ 3
320 00 7. 120 cuspidis 7. 730 11111-
11 cm 2. 020 plur. 1111111 1. 000
Dardaniam 1111111 0, 7001111111 7. 000
offiss', 611111· plur. Ae. 1111.

 

