101110111011011

2. 102702 0. 2070. 101 0111110. 2. 131

G. 1 1000271100. 0717. 01111011. 0.οί 10. 30
. 1110 c 1110111 1. 70 2. 01
011. 0. 100 Ae. 1000. 1111 1101011 G· ³· 0011011011 2. 137
, vacca 0. 210
. 30 1101106 0. 300 7. 010 D
1 pecoris. E. 0. 11 110111 7. 31

10. 30 ovium Pan G. 1.17 11. 1110010011,11101111111.0.001111111110
[que 111011 111110111100000. laborem proprium 7. 031. Da 11111
,21011110111133101111111110 retro 10. 121 facilem 0111111111 G· 1. '
1118111111131177011101111111. 11) vela pelago 2. 11 auxiliu- Αο. 2.
10100111011110270 11011Τ11. 001 dextram 1111110 0. 370 eum t'nfl·
11101101 0. 002 portae 1111010. 1111110 concede 0. 000 0. 00 0. 00 10.
emotum 1101011111. 1001101180. 02 11. 700 12. 07 Dic· B· 1· 10
. Apono 11. 700 ’11111100ρί1 (1111011111 3· 137
10 dabam signa G. 1. 171 101111. 1. 00
111 10. 220 11. 700 1111110. 0. 11101111011010.31.111111
³. 127 0. 002 12. 730 1111111111 juncturas 1011011112.
³. 017 11. 203 101

11111. 200 dabuntur 1010011112. 370

G. 1. 170 110. 0. 0110110 ὼῖιιωςοῶἣυι Ae· 1. 100 10100111.οΜ
3. 017 1 .000
u G. 1. 171 10. 0110007110. 0111110011 1100 11101 1108000410
, 110 jura 11. 011 responsu 0. 70001111 11.
0. 20 Ae. 7. 000 11. 100 002 0131 mandat: 0. 312 genus 11·
. 2. 100 11. 1. 307 perbum nobzflm 11. 3110111000111.
0. 003 10. 100 12. 200 030 010 colom uirgo 12. 00111111·
G. 1. 330 1111100110 11. 301
0. 10. 320 12. 000 01111111 1011101 2. 000 spen 000
10100112. 10. 00 dabimus imperium 111111 ³. 100
G. 1. 170 «laginam 11111111 0. 000 0000111. 000

10. 0. 130 dabit signa G. 1. 130 103 specimen 2. .

proles 1. 200 211 viret 200 praecepta 1. 300 1010

G. 1. 337 ,10. 1. 202 270 11111110.2.203.1111ρ101011 1. 270111- .

.. 1. 500 ,10. 0. 000 113 plexus 1001 101101100111οω3100
ὓ. 1. 190 11101 0 273 0110110001 1011200110
1, 01 01111 100010 dignum? 10. 020 nomen
10. ³. 00 0. 207 11111 12101 te 10110001111111100110-
7. 007 · 101 12137 1011111 1111011111 11111012.
10. 1. 330 1100.οΜ 100

0110. 2211 01111101 unum 011111ῑ101111111110. 011
11. 110 quod 0011172110 (1111101110. 003
hirei G. 0. 312 . 101101 1000010111101111 01111 11111111.
11. 1. 102 1. 117 ’7. 313 0. 110

. E. 0. 3 G. 0. 00 011100. 000 equite· 0. 010 0000110. 200
10. 30 000 1110110 1111101110 032011111 111010.

11]. 2. 01 ' 12. 102 ten-gn 12. 010

11. 1. 020 dabunt 1101111 10111 G. 1. 030 jun 00.
G. 1. 0210010700οθ 1. 207 111111 2. 001 10 111111. 027
11111. 1 1, 00 praemia 1. 101

1 G. ³. 1011. 1. 000 Dacus G. 2. 107 .
1· 700 11· ¹20 oflffl'lsemo mm AG· ”2 fleme 1Εοίῖ

, plur· ἳ. ⁷⁷⁶ G· G· ¹⁷⁹ ι

ι 12. 30 0110110101. 0. 11 20

1. 001 10. 111 80 1111111 11. 728

, 1. 201 001 1. 120 0. 000 0. 0111110 Ε. 11. 20. G. 3. 030
10 0111111 1. 300 3110

 

