10861161011611 781

1111 111111111111111 10. 126 verba sibene 1111111111 merui 1. 817 eui
111111 10. 688 letho corpora 11. 172 tentum de 11 licuit 6. 6021111111.
12. 3281111 in 11111311 ecies 12. 227 322 3. 66 3681117686 7. 367 8.
1111ρί1 111111 12. 383 311 11. 36 112110111111.281371
1111, sem. qul 1111 port& ruunt 11. 8. 637 3. 18 166 8. 63 8. 387
87111 131011111111111 162111, 811,1111.8.1.6311. 1. 21 61108
218 eopia 111111. 181 pugnae 8. 720 ,118 686 1. 186 6. 667 7. 18 318 108
11111111307 7. 360 in perlem 11111 611 111 8. 608 8. 101 10. 636111.

111111 8161167100 11161111111112. 1. 332 3. 6 abt. 1. 386 686 618 2. ’

286 2883. 331 3711361. 680 6. 383
11111111,1111.1.111ωω.1.1.111 1111111111111. 11
11111 111116. 131 dextrae 16. 617 0111, yon. 2. 176 227 6. 618 816 8·
1111111161118.266 6171111. 8. 1. 21 Ae. 2. 262 6. 61
flam urbe· 1. 111 7. 111 1. 117 10. 111
due 1111 1. 681 vina 8,. 276 1111 8 37 0111112681 12. 138 881
111116111111111111 premite 1. 683 0111116116
hu 11νί metes. 911. 1617216116- 0111 ,11. 1. 606 8. 162 10. 236
111111131 1111 anguet 2. 218 1161111111 tibi 111 geu. 6. 731
111111 ventis 3. 706 habenis 11. 623 debellare superbo· 111. 6. 863
1111 terge 10. 616 signo 12. 120 1161111111 feretum Ae. 7. 661
1111111111611, Bacchus 1. 738 debent 6111 pignore Daphnim Ε. 8. 83
11111 monitus 7. 103 haee Turnum 1116111111 11112. 317
datum imperium 13111. 113 iter. 6. 177 debentem nihil coelestibus 11. 62
tempus 337 111 patriae datum 2. 281 debemur, Aeeam‘o Italia et Roma 1. 276
111 satisdatum 8. 136 corpore animabus 6. 711
delur Nise Mopso 11. 8. 26 poteslas 11. debere Turnum natoque patrIq ιε 11. 170
3. 67611111 oui 6. 281 hore quieti deberem plurime 111118. 378
811 requie· 6. 6001111116. 88161- deberi 1111111116) 12. 786
vini· 71111117. 368 potentes 7. 681 debetur mihi 811111 18. 133
, eura Mmpo 8. 160 permittitur. cum debitotorem 12. 6
1161.0. 1. 261 ,11. 1. 113 637 6. debilis 111 111111,11111111111111 6.· 271
110 827 600 688 11. 203 debilitet 111111111111110. 611
11111111111111111.. 12. 666 debite 1111 11111111, nem. sem. 11. 168
111111 1111116. 360111111111111 11. 83 felis mihi 111111, vocat. 7. 1201111111
Deueie, proles 10. 381 sulcis 11111. 0. 1. 2231111111 ,11. 2. .
111111, yenit. 10. 688 12. 22 836 638 haee generi 1111111 3. 1811111111
Dnuniegens 8. 116 Dee 12. 780 ’7. 116 Pergama 8. 2761111111118.
unanimem· 12. 723 1081111111 11. 68
Dauno 10. 616 12. 00 debitus 11111 11. 760
118. 1. 17 77 813. 32 7. 31 8. 68 debueram patriae poenes 10. 863
10. 20 G. 1. 370 102 2.11236171 1111111110. 613 ’
80 3. 13 166 1. 81 112 160268 273 decedentem G· 222
171 171 11. 2. 78 288 306 626 682 decedens 111 Ε. 2. 671 pastu 1111116.
683 3. 8313 226 263 286 613 661 1. 381 ,1111111111 6 668
1. 163 161321 3271673166. 287 decedente die G. 1. 166
288 360 3731106766 6Ι 38 68 86 100 11111111 noeti Β. 8. 88 G. 3. 187 do·
111111 1111111111111111111 num 1. 11111111 1. 11 campi· 1.
867 612 688 706 726 712 760 803 18611111 ,11. 1. 30616116. 6611111
8. 68 78 617 801 8. 2 23 281 111 11. 320
630 687 10. 187 203 230 360 388 decedet Olympo 111 G. 1. 160
178 186 707 710 11. 331 311 881 11111118. 3. 71 1. 01 G. 3. 61 ,11. 7.
12. 61 2011 121 62388178211 me 188 8. 388
viderit 611611 peter 10. 7131111111 deceptam morte 1. 17
1111 verebar 8. 20711111Ιί11 de re· deceptum errore 11111111 3. 181
611 61616111 8. 227 611 de 11 refers deeeptus 111111 E. 8. 18 fraude 111Ιί 6.
8181 11 rege. primitiae 11. 161111 861
111111111111111 11161111611131- decernere inter 11 cornibus G 3. 218
[ent 11. 11611 viu 1111111 12. 766 1111161. 11. 218 12. 282 606

’17

 

