111 ’ 11

1111111111 6. 1. 83 11. 6. 761 168
lugan nudant 1. 666 vertere 6. 1
vertebant 8. 766 11116116. 666 d!
11. 163 dubo 11. 616 (1161111171

tergeminumque 11111111 1. 611

tergemini Geryonis 8. 161

11111116. 3. 361 11. 1. 3711- 131

·· 1116. 166163 7. 6111183100
111 111 11. 111 1111115.. 1,.
171 307 3. 108 11. 160 1. 166
667 6. 311 11. 161

tergora 1. 116 ·

tergum 11. 1. 366 6. 661 6111 71

teris 11111 terri· 1. 171

, 11111 1111111816. 1. 168 calcem 1111

Dioren ,11. 6. 321
1113111111111111111111. 1. 616 11111
11111111. 6. 666 sutilis 1111» 1111111
11. 173
termine} imperium 01111111, [amam 1111
terminus 111111. 1. 266 6116111611
11111 11111 Ε. 8. 73 hyberna ,11. 1. 17
111118. 666
111111111111111 3. 366, duces, 3. 386
terno ordine remi 6. 116
ternus colores Ε. 8. 77 juvencos 11. 6
11111 Ε. 8. 63 G. 1. 178 330 1. 1363
366 11. 1. 6363161166 636137
178 7. 611 81136. 33116616311
376 67611186 11. 616661 778 66
11111, 1161, G. 1. 17 313 :m 11. 1.
616 633 3. 60 367 3. 366 316 166
6. 18 6. 81 383 668 8671673177
831 11. 86311 terra 6. 16 G. 1. 168
nuh tem G. 3. 377 1. 13 Ae 1. 171
1111111131. 6. 161 16. 161
fleme, siny- yenit.. G. 1. 63 831. 361
Ae. 1. 6613616 1. 1816. 666 6.
686 666 16. 67, dat, G. 1. 16166
318 11. 6. 766 6. 6666617. 36166
16. 666 11. 11 87 7. 36166 16. 336
11. 1111 111111 11. 111, ...11.
plur.. Ε. 1. 11 G. 1. 1111111111.

, 37 16 166 176 311 116 3. 116 131
Ae· 1. 301611 3. 71 63 6. 776

11111116. 1. 117 166 163 1. 137 166
361 613 3. 166 171 166166 631 1.
67 Ae. 1. 111 137 1611. 161316
63 173 1. 111 111 161 6. 366 7. 366
633 718 8. 716 668 10166316186
11. 166 613

111 11111116. 3. 611 Ae. 1. 61166113

117 6. 316 6. 611 11. 661 618 11.
666 167

 

