1011111111 ‚⁸ ⁷59

. 17 ,11. 1. 010 1111111 0. 010
. 00 G. 2 001 1111 G· 1. 01011. 1. 010 1. 000 0.
100 100 700 000 0. 170
100 mum 1. 000 0. 00 007 0. 000 0. 000
10101 000 100 1. 10101. 0. 00007010 701
00 1111111 0. 070 ,
170 111111 G. 0. 00 1. 001 10001. 1. 10
,70 A 0000077000. 10000 700 0. 100
000 000 017 001700 0. 001 0. 00 077
00 0. 010 017 ,11. 10. 110 001 0. 011 077 002 000 011 700 10.
01 010 000 11. 011 100100 01001
001 11ιί11 7. 711
11 1111111 0. 000 -11111111 0. 010
1. 1. 001 11111111. 001010070 1. 1000.Ίο
. 000070 1. 07 000 017 11.170 000001
17 1. 07010. 10 01 11111111 11. 100
fg 111011117.001 0. 000 10101 11. 100
1111111011 0. 0. 000
0 0. 100 1111111111. 11. 000
catilin· 0. 000
0 . &tinus 7. 070 11. 010
1. 001 (blo 0. 011
1. 011 000· 01111111 0. 070- 1111Ιί 0. 007
. 010 1111111111 G. 0. 010
> 7. 711 caulo· 0. 1. 00 G. 0. 100100
1-11111 10. 700 1111 E. 1. 10 0. 10 0. 1. 000 0. 100
210 1010. 100 107 1. 107 10101. 1. 000 0. 000 0101
. 010 0. 000 10. 00 000 0. 110 010 0. 171 000 0. 000
017 071000 10. 170 000 001 11. 000
11.·170 111110. 1. 1170. 0010. 001 11. 0.
1 10 107 0. 000
11111111. 7. 000 .
10 0. 1. 00111. 0. 700 0. 1111111110. 0. 100
11111 11. 0. 00 0. 001
l 11111 G. 1. 0001. 07
100 111111 11. 0. 000
1. 017. 010. 01071 11111110. 1. 100
2. 00 1111010. 0071. 00
17011 0110 0111111111 11. 0. 10
100 0. 001 Canem 0. 0. 110
107 01111111 11. 1. 007
17 0. 017 11111 G. 0. 00 11. 010
111111 G. 1. 000
11110111 11. 11. 010
101 undu 0. 100
.. 00 1111111011 0. 0. 00
. 00 1111701. 07 100 111111111171
0010. 000 1. 10 0. 170 111111 0. 0100. 000
10 07117010 101 70010 111111 G. 1. 00 “
³ 000 001 000071 11. 00 11111111 11. 0. 00 0. 010
110 10. 010 000 1111111110.10
0101. 10011. 0. 070 7. 1111111110. 0710. 100
007 0. 000071 100 00110. 111111 11. 000
1100 010 10.100100111 1111110. 0. 00-1111 11. 0. 000
011001. 7. 1000110000 11111 G. 1. 101 0. 100 1. 11 11. 0.
0. 770 00 0. 10 11. 00

 

