1001110100011 803

nl dulces 1111111111 3. 180 liquit 11111111 11111111, 1111111111, 0. 71
1111111111 11. 807 deputa 11111118. 031111 111ιὸ1111111
1111111 patrium G. 1 18. -11- 8. 078 ·
113.10111111Ε.3.300,.Ε1111111 1111111111111118. 1. 88 corgon 1111 -
081111111111011 ’7111111111 8. 888 Ae. 8. 813
0111111111 8. 18711111 1111117 ’11111101111118 3. 888
11111111 hymenaeo· 10. 700 8111111111 111111 0. 187 111311111811111
1111 11111110. 100 Ae. 3. 08 1011111111 31111111118111,
1101111111111111111111117. 878 maculis 11111111 11 1181111111, G. 8. 00
pollulum hospitiorum por· 1111111111 1111111 1131111183 0. 110
080 1111111311111117111111111111 1111111 1111118. 80
81111111 potuisti 0. 880 111111 111111118111111111 10. 808 .
ι 1111111111111111111111 11. 0. 108 111111
,111111111111111111111111 10 880 inciderem
1 01111 [111111 1110111511. 111111 11. 8. 83 0. 83 0. 1. 338 330 0.
ι Ae. 3. 108 1111 3. 380880 108110 8· 000 388 8. 108 Aa. 1.7
1111111ιηὶ111 11111111 11111111 0 00 101 000 830880 837 870 0. 008
11111111 11. 003 088 301 300 3. 10 71 100181 180
1 «entis 3. ’708 111181111111111 000 030 080 000 300 830 888 800
811111 10. 878 808 881 887 878 1181111 100 807
[1011111111 11811118, 1018 suom. 880 888 808 887 8. 03107 108180
G· 8. 303 01111111 A· 881811· 177 en 878 788 8. 83007. 108180
. 300 1111111111 11118181 8. 878 708 788 8. 883 0. 100 10. 003 708
1 7. 870 Celes 7. 708 1111111111 077 000 878 883 10. 080 388 888
*e ignoti> 11. 888 1111110. 181 0. 08 G. 1. 3083 33 880
111 11111 3. 888 8. 830 888 AE. 1. 177 188 0011017831
1111 arbore G. 1. 080 0. 08 887 3. 18 01 138 003 008 077
1111111111 1118 8. 30 808 110 810 838 830 8. 373 307 818
. 88 011101· 8. 07 8. 83 038 811 8. 180010 3808811808
8111111111 AE. 8 817 000 7. 188 877 770 8. 83 807 887 0.
1. 1111111. 1111 G. 1. 873 ,11. 3. 317 71010. 3830011. 188100 088
mella. G. 8. 38 1111111 8. Ι11811 1111111111110. 088
1 1111111181ηο. 880 - 11111111 ilicibus 3. 3008. 83
1 1111111111 G. 8. 880 1111111111.1·11·1.1
campas 11. 8. 708 11111110.111.1.1 308
, 11111118 brevi. 111111 8. 038 7711 111118 8. 88 ,11 0 08 880 3. 88813 8.
. 1111118 118911 111111 1838011· 010 087 8. 183 0. 8 7. 108 018 008
0. 870 1 70811. 181808
,11111111 mhi 1119111. 1111111113. ’ 11111, 11811. 8. 187
rbem Com 10. 188 11111111111110. 3. 183
1111111111ιο 8117 11111111111111111111 7. 087
1111 Ε. 8. 80 11111181 ,11. 8. livida 11818. 300

11110 0. 180 038 8 818 10. 1. 880 808
181. sem. 111111 10 0701111111. 8083. 8118. 130 788 8. 088 838 880
G. 8. 100 nubila ,11. 7. 800 8387817. 1318.011.11010.138
1111111111 G. 8. 88 “ 11111111 111111 111111 1. 017 11181111111 1.
111111. corvorum. 1. 810 11 111- 83011111111111118.100
1. 8. 880 111111111111111111111 1111111111ρού11
1111113. 8. 38 1111111 0. 0. 000 8.100
08. 18111110 8881111111 Ao. 111111111117. 107
1 11111111110.38
sontibus E. 80 11111ιί1111 Ao. 8. 11111111111111111111110. 188

111111 fundamenta 8. 0881138111 1111118.

bre G. 1. 808 11111111 1111111. 8. 80811111111111181111111111111. 8. 178
81 electro Ε. 8. 100 111111,1’11111,111 [111111 regni 8. 378
11181181118111111 G. 1. 818 iter, 1 11111111111111111 Teucrorum 1. 181 111·
11. 11. 8. 017 1111 8. 000 11· 111111 1. 101,1111,111111111111.111
7. 88 1111111,11111, 8. 387 11111111 1111111111

 

