3001001031111 m

00700 arimatha B. 3 37 0. 33 0. 3. correpta 1111 01111111111111111 mre ra·
033 3. 37 303111. 3. 333 3. 33301·- 111 betti, 1011. sem. 11. 3310001111
eu 111111. E. 10. 33 Ar. 7. 337 3. bipenni 03101. 3173001111111 10011,
003 11. 773 0101111001οη0 11333 near. plur. 1. 101 -
10011 ungula cornu , pede como, Ε. comptis 111111, 11111. 10. 10. 307
3. 33. Luna 0111010 0011101. 333 eorrrstor 1000111 und& G. 3. 3113

mur animabitur, F. 0. 31 7. 30 0. 3. arreptum 1110111101 10001111 1. 103

’ 333 1311109 371 ,11. 1, 31 3170 001111110111111110011101 30. 3. 170
0. 3137. 13310733 13. 731 eor. 00111ρ11310010000111111373130103.
00110111011010 3. 313. 11011113. 033 311 rmum 3. 310 ferrum 3 330 os·
3. ,33311301 0010101,7.313 3. 310- sam 3133 Coeum 8. 330 1111110113.
bra cornua 0111111 13. 33 333 13. 33 torreri 13 111 13. 333 uo·

001001. arbor. G. 3. 113, 1111111 cmm, 11110111 18· 303
11. 3. 33313. 317 · corripite 1111001 13. 301

evracrus, 11111111 01113. 331 300107 corripiunt 00111011 G. 3. 37301101 110.

m 1. 337 iprum 3. 317 11111113313101· .

001001, nom. 11119. nutriendo dumsa- 0101111110 3333 11111133030111·
11, Ao. 3. 308 113101. 3. 333 3. 333 1001011010 13. 373
3. 033 venantum 01110010οη11 3. 331 corripuere 0110110111 0011010310181.
101711υ11,10.13311. 171113. 771 11. 11811101 1. 133 “mm 0οῄοω
erronee, 91111111110111001001011111111, 3. 137
0. 1. 1331111. 3. 0311. 3. 110 corripuisse omnir. 00110111, 11. 300
eorunm 1. 033 3. 3337. 73 3. 303 conspuit 1111101 nammis 010118. 3103
101011111101110.1110011111. hunc 11110101 plebis 0. 3 1110111010
m 7117131100 00110110 3. 330 turbine, r'nvolm't. Ao. 1. 13 rreum
0010111 , 111. plur. 3. 1. 30310. 3. monn 1.1331130111181113.3371111
118 - ablat. 113 303
0010111011111011111. 303 0011011111 10100110 138
corson c. 1. 111 1111 111 111 111 1111111ρί11111111111111110. 2. 313
- 883111 173 013 1. 311 00 187 138 001101111100018.181
317 3113 333 1781113110. 1103107 0011011110 undis Cererem 110. 1. 181
3. 18 311 303 110113. 111 011 033 3011111100οοΙί 1111113. 138
1. 1133 11. 318 033 831 1183711731 cortex 7. 713
731 731 7. 103 333 8. 180 333007 cortice E. 3. 13 0. 3. 71 303 3011.
031 003 11. 1117 373 3171311 10130 100 ,10. 3. 03 3. 713
033 um 103 1811 137 301370 031 0011100018 8. 111 0. 3. 387 103 0103
ror 011 11. 111 1111111000 corso. 1110111 Ε. r. 00
1111111111 1. 71 11131110011011110. cortina 31. 3. 3300111111 3110131 meu·
³0³ 300 lum, 0. 317
cursore 0. 3. 313 333 330. 110. 1. 73 (1011χηί111130113.0.0011110011.11.11.
3. 1711137 1. 181 388 703 11. 370 773
311 373800 1381131733333131 corvi G. 1. 110 133
7. 1113 000 783 8. 307 330 3. 110 111111001011,
1103 733 813 13. 137 3313133111 eorum fulmina 1. 338
173 731 771 3131137311333 331 coruscae 01010111, plur. 111. 3. 173
13. 331 131733 333 311 33011111· 0010101111 prunis 11101 0. 3. 73 fulgore,
111111 corpore malrum 11101111, G. aper 3. 33 gaen 10100, 11310111, Ao.
3. 33 mgna 0011010101 corpore. 11111· 3. 031·
1113. 137 111. 3. 7371010 deseendit 10101·111301111,113101, ,10. 3. 313101·
corpore 1101111, 1110 11001,3 3331010 trono-m 10. 031 huram 13. 131 telum
0011110111 0110011010 regni 11. 313 13. 337 313
corporeae 1101111 0. 737 corusci 10101010οα 3. 373
eorpus Ε. 3. 33 G. 3. 303 1181 310 00101011111111 1. 138 111131111701
110. 1. 183 1303. 313 3333113. corusco 10110. 1. 3330001001 111. 3.
170 378 1. 1173 0311 0. 118 113 101 333 10011111 8. 331
313 300 033 8133 10. 331 130 830 cormeum 001010 3. 333
333 301 11. 30 33331 333 333 13. coruscus 1011111 11100 111001 3. 170
370 173 333 1011310111 0011, cymbala, 3. 111

10

 

