voclAssumuml 037

311117. 600 nox 1111111 nom· removit iguem G. 1. 131

3. 67 110111111111111110337 1111133 vo( 3 13111110 ,11 3. 00 eoe-
10330 111111111311111111- 111ωο 301 gemilu· 1111111 1171113·
3 serrum 1131111 1133711- 111 111111111111 13. 013 ’
11. 310 immam 131301111- remulcens 1113111 11. 311

113 13. 3311113111 11. 311 nemun 0. 333 11030

1. 1. 370 11. 1. 1013. 3033. 0111111. 300 303

.. 133 11111113. 333

3. 183 713 3100 7. 173603 remurmurat 1111111111 10. 101

11111110 1. 333
Deorum 1111111 Ac. 3. 333 ww 11. 3. 331
’1111131311 18113 313 1111111311 0111111111 3. 717
111111, juvenco, G· 1. 301 renati· 113111 3. 300
10111111 1. 333 1111 1113111. nummi 11113. 1. 331

0 1111111131111111 3113. 3 11111 1. 730
73 337 3. 333 11. 337 1107 3. 33 3. 33 33 7. 373 370 13.
urbem patriam 11. 703 133

n 111111 111 Argu· 3. 33 , τίμα-1111 magn 3. 131

‚elego 3. 131 1111113. 133 repondens 11111 100111111 tau 1. 313
11111 1111111 3. 33 nvem 1131111111 urgit 13. 313

103 3. 130 303 · 1111113111111.

. 333 3. 110 repercussum 1111111111 11111 3. 33
1113011 subigit G 1. 303 aporire 1111113. 60711111

,111111 1111111. 1 303 111111 reperit 1101111 11111 rugum 0. 1. 113
,1 1111133110 apul 31111113. 1111111, 131, 1111 1. 603 111111 3. 713
temque diemque 1111311113. 01 repertae 111110. 1. 13

11111111 3. 171 aloru· 0. 13 reperti 11 1. 100. 3. 330

11 Argus 10. 733 repens· 31111 Ae. 1. 1330111333. 010
1. 331 3. 303 Ae 3. 307330 reperio Rhamnete 1111311 0. 131

3 313 111 133 133 133130 1111110111111 rerumque 11. 330

11 337 3. 3303. 33103 300 apen-torem 111011111111111111111131111-
3 233 31511111 7. 773

achi· G. 1.101 ne in 111111 rep 11111 1113 3113 qnod 11111111111-
ι. 3. 313 heim 1111111111 lum 111111 111111117- 307
11111113111111 0. 00 οι urbo repsrlun 11111 111111 Ae. 0. 313

1 repetam , quid repetem 1111111 1111111 .
1. 133 10. 30

1111 in 31111 11. 300 rep 1111 Argi· 111111 1. 173
11111113131111111111111131. 1111111111 11 prim origo 311111 7. 371
0 repetem prima 13 origine G. 1. 330 Ε..
im G. 1. 333 1. 37013111111 1111111111 11111313.
ι 11 humorem G. 3. 313 11111 133

11,111111,1. 30 1110111111 repetent 111111ρί1 11111 E. 7. 30

31. 10. 330 epm 13 majora repetentem 11 animo exempla tuom Β.
bi 11131311133110 ,ullam- repetit 311, 1111111111, 7. 111

to 11111311 parentum 10. 303 11111111 310111ρί11 G. 1 30

,uque volensque 11. 11. 333 repeto urbem Β. 3. 7101111113. 733
boue mpom Rutuli· 3. 333 3111 protendam, 11η1111111, 3. 133
nmo, 11. 3031111111 nemo· 1111111111, 1111111711, 7. 133

033 repetunt Venerem G· 3. 330

m nrm 1111111 gemitu 3. 1. 370 popu·
11111 13111113 30 11 nemone mutliplici 1. 130

eun 1. 333 7. 103 replenda. non replenda 111 cutia 111311
3. 311 10. 306 11. 373

333 3. 310 1. 300 301 3 300 1111111111113111

3 10100 111111111111313113. 1. 133

111111 1. 310 717 11111111 {etium 11111111. 7. 300

 

