101111 111111111101101 1101111111 11
linet 11. 00010111 1110 11. 111·
01111101 10Ι 380 ardenti 1010 d
10. u adversoque occurrit 101
111 11111 10. 770100111111 101·
morinum, 0001111111, 11. U
1101011 11. 1111 ·

obumbrant 1010011 teli· 11. 070

0011110111 magnum 1011111 11011101

obumbret vestibulum 111111 1110111

0011100 rouro 110. 007

00111111 1111001 11. 801

0011110 10110 7. 000

000111, in 000111 111110 1111 1010
11111, Occidam 000 j

10011011,1010 00001011 Maiae G. 1. “.
101111111111 1.100 10111 1110001
1. 301 Trojae 10. 1. 211 11100111
longua ager 11. 317

occiderit 10110 0111111111. 001 1111
101011. 1111101111, ’1700 cun 11
m 71011 11. 810

10011111 01 1011011 E. 1.11

00011111 11 quom , 11010. 11. 010

000111101110. 1. 118

oceidit 11110. 170 11. 011 000 'PU

0001111 11111111. 100

1001107001011 10. 011 1111011111111

0001011 11110111 ecem 111 umbrae,
001 quo 11001010. 071 0101 11101

00011111111 umbri· 11. 00

000111 111111 tem 01017

10011111 horrentibus 1110111 Ae. 1. 010

0011111011 1110 111101 11. 111

000111111111111111011101 010

00011111 vim 11.1.701111111,0,111

0000110 1101110101 11. 110

00011101 101 011101 10, 0. 000

0001111111 10101111 G. 0. 007 ignem!

occumbere 0111111 1. 101 7. 1011111

00011011 pariter 10. 000 ,

000111110101111111111010.1.100 11
'⁵⁰³' 11101 ¹⁴⁰ 1101111
run . · 011 1 01 . .
11011 11111111 0111 000 11101 trem
7. 110 11. 111111110111000110. Y
11111 101 super 0001111 1111001 1
011 01 faciemque 1111111111 1οε 01
01 01111111 11. 000

“ 1111111111011111111-

0001111111111011 111111 10. 101·

 

