111 1 N

’11111111116181911611’161616 111
168 666 686 6. 112 686 606 6761.
:wo 6. 601 6. 206 701 706 7. 176
101 606 10. 06 100 717 11. 661 680

1111110106. 2. 61 6. 16 7. 68 7. 66 16.
66 G. 1. 160 160 1. 176 ,116-616
6. 271 60011. 80616. 268

Sylvius 6. 706760

8111111111 versu 6. 6. 1

syrtes ,11. 1. 1161607. 606

11111611 6. 61 106 6. 60

· syrtis 1. 11 16. 678

Τ

’1161 peredit 111111 Ae. 6. 116

1161111111111111111 1. 177

1161111 11116. 167

1161 G. 6. 181 66711. 6. 60 026 8.
107 187 0, 176

111111111111. 126

tabularia populi G. 6. 602

1161111 Ae. 0. 667

11611111 G. 2. 601 Ae. 2. 161 16. 072

Taburno, nom· montis, 16. 716

Taburnum G. 2. 68

11111 1311111. 1. 626

111111 11111 11111111 Tybris 8. 87

111111111111111 Lunae 2. 266

incitam 11 prodi! pendere, 111111, G. 6·
Ξ617111111161 111. 6. 66811 611111-
11 12. 861

· taciti 2. 126 6. 667 1. 280

tacitis luminibus 1. 6611111111 7. 60611·
mis 8. 107 undis 10. 267 Amyclis 10

111111 coelo 6. 6161111111 16. 21016111·
11 12. 066

1111111111 pectus 1. 666 vulnus 1. 67 ne· =
11111 6. 686 1111117. 616 quin 11 re· ι
1111111116. 811 per 11111111 1113111011-
11110. 61 1

1111111 Ε. 0. 21 67111. 1 30611766 1

11111161111111 quereus 11. 1, 17

11111 G. 6. 116 Ae. 2. 686 7. 618 1

1111111,111 11111111 1111111111 111. 11. 6. 662
11111 Ae. 2. 01

tacuissem 1111 vimen acanthi G· 1. 166
ualet 111. 1. 161 31. 617 10. 888 1
111111111111111111 laudis 11111 ὓ. 1. 661
Taenarias 111111 1 107

1111111111 11. 7. 666

1111111116. 260 1·
Tago. dat. nom. 1111111111, 0. 118 1.
· 11111111111111111111611 1. 260

111Σ11ξ. 6. 1611. 2. 61161020711. t

 

