vocwumnuu 811
11111111. 11111- seu. 11111 11. ¹2. 11101111111,1111.[111111111111112.118,

lugula 12. 8111 11111, 1. 107
111 1111111111 12. 7211 111-1111110111 101111 8. 71
11111 11101111 11 8. 8811111111 Ac· 1110001μ111111 1111 11101111. 11. 880
¹2 . 111111.111111111111111111.100 ·
1 1111111111 11 1111111111 12. 18 11101111111111111111110181. 1. 188
11111111 111118. 727 1111111111111,1.111, 11. 2. 1 ’
11 huc 1111111111. 2. 77111111, inconsulti 1111111181. 8. 182 ’
1111111 11. 2. 18 incoque Bttdn G. 1. 278 “
1111111111 1111111 111111 Ε. 1. 118 111111111111 111111111101111 0. 1. 888
1111111111. 1801111 12. 187· ¹ 1101111111. 8. 11
11111111 1111 11. 1811 21. 180 111111111111111111111111. 281
1, 1111211111 111111 1111111112Ι immotum 1111111111οώ 8. 1. 18
inrepat 11111 em 0. 1. 71 11111111 ·
11, 111111, 11111 8. 728 · 111. 0. 8871111101 8. 127 10. 278118
111-11111 211 1111111111 mpetum 110101 8. 880 111111 10. 880111μο
1 · ’ uuor. 12. 882 1111111101 18. 718
unguine 1111111 7. 1811011 ς. impilm 1111111111 11111110. 1. 188,11·
11011111, mo 111111111 1111111112. 11111 111-11111, 11. 1. 712 α
1111111118 me? 10. 8011
111111 1111111 2. 218 increpitat 1111111111 ¹0. 810
1 11111 8. 218 11111 111111· 111 11· ineu-piton! 10111 8. 111
10. 1811 11 1111111111 1111111112. imapum 1111111111 1111111111 1111 11. 1.
88811111 sonitum ,11. 8. 801 mli·
1111111 11. Μ cani» 12. 718
11111111υεί1 2. 82111110 meni· 111111111111111111111118. 088
1111101111 2. 21811118ου0781 11011111 11111Ιί1 1010111111 nege· 8. 18
111·1’1111111111.110·11111111 11111111 11111131210711111 11111.
78 . 881111111 88
1111111 01111111111111 1. 178 incubuere 111111, venti ‚ ¹. 88 11111111 8.
1111..111Ἰ“11ω11111118.8.881 0111111111 11111 1111111111, 8111
11111 prium 111111 11. 8. 8 . 1118111111 12. 817
’.18811111811111 81111111111181181
. 1111111111117.88 011111111111111111,
[1111111111111111 1111111 11. 111 , -
1111111111. 11111111 11. 1 111111· incudibus 11. 2. 1101. 187 11. 7. 828Ι
1ο 8. 170 11. 118181
desinere 11. 1. 11 111111 8. 881 11111111, 1111111111. 1111111111. 808, aar·
1 hymnum 1. 1111101111· 1. 81 plur. 11111118. 2. 180, lm, ΑΜ.
111, [arui-ip. 1111οη11111. 2. 88 m
1, 8. 8211101111 18. 1182 111111111111118. 2111
1111111111· ...1
1 011101· 0. 108 incumbent 011110 11810 1001111111 min
ι, 11111. [111 111118111111111 fid 877 1111 Ae. 2111111111οή
11, suffitu, 12. 1118 1111111, plur. 1. :m 1111111 1. 818 111111, imm,
11 capris gannim ¹2. 111 1111111111111111111111 1111111111. 1. 218
,100101 ‘flami' οΙ1ἀ7δ8 178 iniquam& 88188. ω. 81818ώοοτ
1111111. 11..1111111.
’11 101110 11011080. 818 Pollam cri, peryum, 11 1110οπ11118. 701 .
1111111111 8. 1711111 ui· A· 111111111111111111111 111. 881
11 1111111111 1817 1111111711·- incumbite 111111 10. 281
10. 810 le 11. 717 1108188001 wlago 2. 208, operi-⁴. m
11 vatemque 1111 10 8111 11111111111111111 2. 108
11810. 1. 212 ’ , 12. 88 -11111111111111111111101111111111181811011·
aufidum-88¹¹& mdc 11.Ξ18711;111111.111111μ

 

