sm Η

1011100000 0010. 111771000
001 11. 170 000 007 0. 011 717 7
110110101701 11.71101000 1
101 010
virescunt gramina G. 1. 00
viret 1ιο geum nmm- silurum 0. 11
vireta 01. 0. 008
111510. 1. 100 2. 117 Ae. 0Ι 1111
100
virgne 0. 2. 000 Ae. 11. 100
virgam 11111,οσωο c'aduoem , 1
virgatis 10111111 11111111ιο 000
virgea suppellex G. 1. 100 namma Ε.
0100, mlv· plur. pabula G· 0.
000
Virgilium 1. 000
νωκωιηωᾼωωηᾼω
000 10. 70
virginae [acies 0. 100
vitginm 1111112. 100
virginei voluerum 10001 0. 110
virgineo pollice 11. 00
virgineum ruborem G. 1. 100 cruorem
111μ1010010.2 107 AE.1 010 11000
1111111ιί001 1. 010 2. 110 1. 011. 7.
701 11. 001701 000 1
virginitate 10. 111 070
111011ιί0111 11. 000 1
virgin 11. 00 1
virgo, ’010011 ammae, F„ 1. 0.
virgo . 0. 200 1. 000 71]. Ι. 001 107
0. 0 100 0. 001 110 0 1101110010
0. 10 7. 71 170 000 11. 170 007 000
070 7111700 11 00
virgo, wouh, F.. 0. 17 02 AE Ι. 001 111
0 101 010000 7. 010 001 11. 1110
008 000 001811 111
1118011110. 10. 70 2 0010 010 Ε.
0· 2³ 0. 001 0. 701 7. 077 10007
020. ,
1111.9εη1”1.,1 010 0. 001 1 0 120 111
110 101 1000 101 8. 011 11). 280
0011 110 11Ι 012 000 plur. uam , G. 111
1. 170 AE. 1. 000 0. 100 001 000 0.
11 000 712 7. 111 0111 8 000 10. 111
ωηωπηηηηωωαμὴ
1. 010 ,11. 0· 070 008 0. 0700100 111
000 070 11. 11 , “
11110010. 2. 0000. 00 E. ⁸2. 00 AE. 0. 111
07 010 008 000 1100 0. 117 7. 208
11. 101 111 0. 001 711 10. 007 101 ⁴
100 -171 0007111811 11. 700 mis
1528 7110
viridante toro herbae 0. :1⁸8 ripa 7. 100 vir
1111117011 Ιειιιτο 0. 0.·10 “
11110110 vanm G. 1. 001 silvam AE, ξ

 

