806011101110111 880

1. 000. 7. 000 10. 001081 001810 7. 001 8. 010 11. 100 010

1110 081 303 10 303 000

10. 00070810. 307 munere Ε. 0. 00 G. 1. 7 088 0. 001

1 0. 110 10. 000 1. 178 000 Ae. 0. 080 887 001087

018 0000. 037 880 8. 070

11111111101111111111 800111. 1111111110. 0. 07 G. 0. 0

b pedibus 1. 100111. pedibu. muneris Ae. 8. 101

1. 00001111 8. 010111111111 11111111111111111111 1. 070

ser aculem 1¹1⁸ssssOE tubae 8 1000111100 01111000 011 imbre} G. 2. 3⁸2
munire 111110. 178

Ε. 0. 18 munus Ε. 8. 00 111. 1.100 017 0. 030

,0.1800. 0. 000 10. 100 8. 1120000011 ,

nemora cunm, am, 7, 34 munuscula prima E. 1. 18

11117. 700 murali 1111111111 101. 10. 001

11110. 101 muri 0. 000 ·

1151118. 1. 010 1111111118. 1. 11 Ae. 1 000 8. 011 in

111111 E. 1. 7011111111 8. 001 111111, 111111, 0. 000

1111 1 107001 1111111111 1. 00 Ae· 0. 087 800 8. 000

1. 701 = 0. 001708 700 10. 00 000 11. 000

1111111111 G· 8. 080 808 007 801

111 11111111110111111118. 8.οθ murmur G. 1. 100 111. 11. 08810. 080

111-11111111111118. 0. 177 murmura 1. 010 10. 00

11118. 3. 01 11111111111111 10. 010

. om in 11011 Ε. 0. 0 murmure 1. 00 108 018 3. 080 1. 100

sannis ,11. 11. 887 0. 008 0. 708 10. 081

,11 [111 7, 801 murmuris 111111111111 Ε. 0. 08 .

1111,11ιο11“1,1111111111(;.3. muco G. 0. 000 1110100030 0010

7837101 0. 871 10080

11111,11111ἰ, 1111111, multos, 1111111111.1.800.1081011111. ,

1. 0. 1110. 010 muros G. 0. 107 111. 1.107 187 0. 00

1111 8. 18 18 081 078 000 010 700 0. 1801.

morie 11. 880 808 0. 081 7. 100 8. 88 0, 87 08

1111111111 0. 001 00 108 101 171 100 178 007 011

mone 1. 180 007 000 780 800 0070100000 080

01111118. 8. 80111116. 1. 07111.17 80 801 887108170000

000 magi· 011. 0. 100 870 10. 000 070 080 000 080 008

1.,0111111 Ε. 0. 088 0100 700

1. 107 examine 1130111111. Muranum Ao. 10. 000

1111 amictu 11. 1. 1101111· murum 8. 171-11110. 1. 181 ·

. 080 001 000 0. 780 0. 87 1111111. 1. 10. 10. 181

lumine 0. 101 1111111118.οῖ2 Musae. E. 8. 00 1.1 G. 0. 1101, 010

1171 1011111 7. 1881111111 Musaeum 111. 0. 007

Deo, 0111111,0.83011111111 11011118. ¹· 08 810. 8 8.0

111110. 100 gemilu 10008 Musarum Ae. 0. 770 .

ue ouibus Λο. 0. 800 Mum 11. 3. 11.

111111.,Ε.0.88.1.111111. 11111118. 000181. 18

818 0. 181 0. 001 10. 101 111111111111111.7. 10

11 utque 1811 in 1111111111· 11111111 ὓ. 8. 111

G. 0. 070 0111111 Ao. 0. 771

1111111111 11. 1. 0 11111111 om 1111111110. 1. 188 dim·

0. 00 G. 10080 0. 830 Ae. Ae. 11. 8101111111110. 718
11111111 rex ipae 1111111111 10. 007

t. 1. 0- muudum 1. 00 1111118111111111111111 G. 11111

, 1. 111 ,muno 1.. 1. 1

0. 11100.00080.1.101111111111111111111110 ’100

1. 10 001111. 1. 010 001 3. 1111110111 mn 1 funin 1. 000

117 m 811 0100 017 010 mutabilium 11. 101

 

