0001111110111111 707 -

01010 1101101100 13. 000 111011, 0010 13. 170 1111101011 10. 770 gom 7.
33 013000 101010 11001107 073 0011110111
1 dm 0000000011011. 10. 070 0110311111 01 11. 700

m· m. 011000 1. 000 01111μο egregius 1011101 11101010 101 0101100. 770
0. 30011]0011111010100100,0100· 1111111111. 117

7. 333 00110 1010111007. 010001. egre-i plur· 1. 170 3. 70 0. 310

ine 10. 003 egre-i· 3. 713 10. 303

11111111ῗῶ m. &menz ἓ Ἠ 0 {a 1. 100

tam& 131 010 10. 0. 00 eja nge rumpe 11101001.
plur. 0010010 001110 G. 0.101 000

. 110 100 1001111110 3. 001, 010· ejeci· 011110 10. 001

’1. 317 01001011 litore 1 373 Tarquinium 8. 000
11011000 0. 003 0100101 1. 003 -
1111111011. 0. 300 unguine 00. 7. 010οὦ111 ἲμὲι {grin 01110000 G. 1. 301

0 10 0. .

01010011. 0. 300 ’ 010000, nom. sem. 00ςί110 0. 030

0110111 Ae. 10. 003 elapsi, 00010. 000 .
ιιι ibus 1011101 G. 1313100011. 01010011. 0003. 310 0300. 330 000
n 1111010 Λο- 0. 330 0. 103 in 11001100. 10010, 11. 3. 300
11010110 0. 010 01010 10011 101100 Ae. 0. 33

0000 0. 01 0· 300 10. 307 0101011 1101110111 11 jugulum 10. 010
omnium 1. 003 01010, 100. animis 00101010 110. 11. 710
. 300 “ 01011, plur. G· 3. 100

. 3. 30 010110 11011000 Ae· 13. 110

110. 0. 373101101ιὶιο 300 00· 1100110. 011011. 0. 03

1101110111 11. 313 0100110,0010.01011. 0. 130

laudis 0. 11101]10,1011011000011111011 0. 130
1. 107 electro 0. 3. 003 A· 0. 003 030
1100 011 1101111110 E. 0. 30 em.- 11Ιοί 1110100 11. 3. 303
1. 10. 0. 103 0110001901001, Eleusina 1011111 1. 103
0 impulerunt, 0. 13311ωο11101, elephanto, ebore 3. 00 Ae. 3. 0000.
0 1111111100 011 moenia, pop-deme, 000
130 . Eliadum 0000100111. 1. 00
0. 00 . elicit 11110011 1.100

Ae. 7. 703 770 01111110. 3 001 0. 000
1010010111 11101 gaudio 0. 010 eligit equos 7. 070
100100 fugi G. 3. 130 eligitur 100110 G. 0. 300
G· 1. 1000. 310 ,10. 0. 010 0111000. 330010 0. 3

003 0110001 3. 007 .
000 000101 1110103. 000 01100111οη11οω angue, 00011010, 0. DJ
mx? ffi‘ossssf'ffi ffi‘fflowssbquio 11 011
11100 0. 0110111001 Ao. 0. 007 0101001 G. 0. 00
170 111010,1001101000 10101 0. 701 elambit„ ψ 2, m
111 11000010 10. 73 0101111. sals! 00. 11. 000
10101 , sed 00110 011190101110000. 0101101 000100 0. 703

10. 1. 100 11 1101. 101 duit, [411010. 1. 011
1 0. 100 010αο ut Αο. 13. 700

, 0010. sen. conjnx 00. 0. 033 Elysio· 0011100011. 1. 00’
0111 0. 307 00010 11. 033. Elysiu- 10. 0. 730 0000 700 0111110
11 10 genten ¹. 0001000010 11111 generum G. 1. 31
1 11111110 1 001010 7. 300 01001100 0. 000
0 111000 10100 0111100000. 0010101001 1. 000
11 . 1100101100 10. 0. 071
ι 010110 0. 001 00100000, pbr. 0111010 0. 030

1101. 100 genero 11. 300 emi 1101 7. 100 11. 010
1111101001 0. 301 1111000. m 0100001 0111110 G. 1. 000

00

 

