100 11

1101111 11191111 Β 1 199 Aurem
10111101 11000111 meritos 8.189·,

novandis 1011119 1. 990
110110111101111 0. 79910117. 999
1101101110 111111. 990

1111111 111019 8 99111019. 11 fruge·
1. 99 919 1111011190 11011119.
11111 AE. 1. 991

0010111 [0111010199 91001 11. 901
0010111101019.9.11

0111011011 Timavi 91 91911101 97
Ι1180119. 999 corpora 19. 979

001011010111111 9. 99

1101011119. 9. 1989. ,989 0011111
iriam 0191011019 111111

10111111111110 01 1101110191 199

0011103019. 1 91

0011111. 1101110131

001111111011109. 9. 8

1011111000111119 9. 999 0010111101
900 criminibus AE. 9 91 1111191
1111111. 900 novissima, 01111. 11111
verb· 1, 990 9. 9311101111 11, 8

novit 111019. 9. 1119001010 11101 1 91

0011111 regni Ε. 1. 907

101011110 11. 1 07 111. 0. 7810101
10. 71 G. 1. 19 1010 1. 988 in 00
1. 119 iumine Ε. 1. 981 9. 1991·
gno 9. 900

00101111 comitum 9. 790

1010110119. 9. 9991010191. 1. 91

001110 111 E. 9. 99 nectar 0. 711010
9. 98 01019111 mane ³. 999 pr
digium AE. 9. 9900011110 9. 997
nug· 2105111ῑὲ potitis {mii} (ῗ. 9. h:

. . 1101 . · nospes¹

10 10101 0. 1101103011111 111
iste 11101 11. 997 torpor 19. 897

nox 11. 11. 69111- 917 ,9. 1. 113 9.
990 890 9117 198 9191187 1. 91
191 999 9. 791 738 G. 979 999 8(
8 97 3909. 988 11. 901 19. 811

· 0011100101011. 19

110111, 00111 plum, corpora 073110
111 01111117. 990

11919. 9 917 91 1. 9909910 81
9911110199 11.99979919.1

1111101119. 1. 901 1199. 9991. 9911
mm 9. 9098 9799. 997. 11
8 9981199 9. 99 1.0 80919 81

0111018. 0 979. 1. 9911991. 99
1.1.111111011.100

0111110. 981

11919119. 9. 99 9 1. 919 911 1
9 1991. 909 9189. 88 1199 01181

 

