rocrriumnuir rr.

rpem deponito, 11. 300 porrectum 1111111111 1111111. 0. 080
nec 1111111 rerum nec tempora porriciam in 11111111 111113. 138
1 in mirir gremiir quamne porrici! iu 0111111111 11770Ι
11111111 111 0. m porrigitur corpur 0. 307
ι, 000 111 0. 000 0. 711 8. 100
ι, 0οο m 1111111 8. 000
,111 ιο 11111111 ,11111171.111111110.1.111
1. 300 000 0. 030 Ao. 2. 100 portabat 111111 rugia 1. 700
0. 0. 27 111. 0. 000 10. 21111 potino 2. 17 101701 3. 301 0. 0700.
0. 30 0.1. 0711. 103 378 170 238 070 007 700 beili 11111 ier}-
1. 1. 00 70 2. 200 3. 100 000 tur 1. 208 somni 111111 gemin-ro 0. 803
Ι 0. 000 7. 000 8. 111 238 belli geminto 7. 007
i. 000 11. 180 portum ,10. 8. 308 0. 180 070 721
8. 00 00, Porum, Anba 111· 0111311101 putri 11101110. 312
11911. portam 01111111 1111111 11101110. 0. 321
i. 1. 130 11. 1128121710. ilium 111111111111.1.711101 1111111
312 0. 103 romain 0. 800, ruam, [1111 1111111111
1. 1. 107 111. 1. 000 8. 100 11. 000
12 0. 00. 711 7. 0. 10 103 portant 1111111 0. 201
ι. 020 portarii-r munera 11. 333
». 1. 08 portantur oper 1. 307
mirmion 11111, aper, (1.0. 101 portori· rreum prurio 0. 008
ι in ruiuere 0. 238 11111 in li· portarum 2. 333 003 0. 180
ο. 1. 1771111111 Poeni 111111 portas 0. 0. 10011. 10202 012 0.
»juvenem in 1111111111 11. 07 031 7. 017 021 0. 00 03 100 100
0. 701 10. 000 11· 017 000 083 10. 10 11. 101 070 870
parerem ι. 111 11111111. 111111
formicae acervum 1111110. 003 111111,1110.11111111 0 terra hospilr 3. 030
Penates 111111 1. 031 pomis 1111111111 11. 101
111 gaudem 11111 0. 810 pomi ¹. 700 0. 000 0. 111 0. 00 11.
nrr‘n 1111111111 0. 1.10011111- ’10811010
a. 11 103 portendere, 111111, hacc (1111111 nostro
11 tempor· 111111 11110110. «11111101110111 11111780
portenderat, quie porion crelin Deum
quinquo 1111111 1111, me 111 0. 700
1111111111, 11. 1110 [1111111111011111117. 200
umbri 0. 0. 011 1111111111. portent: 8. 033 11. 171 Dein, 7. 08
porticibus 1. 018 701 3. 3008. 80011.
111111 11111118. 31 10. 100 070
rimis 0. 180 portis 0. 1. 70 183 Ao. 1. 187 200 0.
1 000 302 0111 11. 3. 08 130 7. 010 8 0811 080 0. 708 10.
0. 700 7. 100 710 0. 080 118 11. 080 000 011 11. 112 001

1 11. 300 010 030 [11110111 Oroi G. 0. 002 Charon 18. 0.
,000 0. 020 7. 20 8. 080 208 320
101 7. 70 8. 070 1111111111 1111101111 10. 001

11111111 10. 171 portu 0. 7178 202 300 378 0. 103 7.
ι. 0. 0 001 ,11. 1. 110 187 3. 132 201
111180 8. 801 8017. 010 gotium G. 1. 303 01183 108 0000

3720 738 8. 32307010. 0 orturus 011113. 101

1. 101. 188 0. 082 0. 031 periurii· 2. 1010.30001.10318.10
110 110 200180 081000 033 370

11111,Ε.ι.11171.110. 0707070. 088011 1111111111

11. 8. 170 813 0. 300 7. 12 1108 0. 28

r 0. 101 pommus 11111110. 00

001 perenni 11111 8. 000

oriris poeula 8. 270 μου precibu· 1111111113. 030 .

iliadem 1110 urm medium 0. 1111111110 0 111. 1211111117.οὓ
1111111101 1111111 11. 210

 

