1000110100011 m .

11110 Ι, 000 8111011ὶο111· iuriis· 000
raone· 1. 700 0. 1111111111 1111111111, 0111111, 0. 1. 001
pureum 0. 1000011110100 genibus 011. 0. 711007
i. 001 Ananias 0. 000 01111111· gnie 0. 000
,0. 0001181111, equos, 7100 3111111110. 1. 11000
7. 000 0. 000007 11111110. genitalium) 0. 100
11110110. 100 geniali· 11111111 0. 010
notem 0. 070 bonorem 0. 000 5111010ἱὶ1 Ao. 0. 000
eentum 8110111110111111111 0. 007 geum, 1011. diii 0. 101 000
0 1111ςὶου 0. 0. 100 incudibus genitor 1. 100 001 000 ². 0011007000
1. 111 Augei mun 1.. 1. 111 111111 1. 1111. m. 1111 1111
υ11111111110.001711111111111111 0007. 100 300 000 0. 70 007 000
1101111111, 10. 000 0. 001 0001710110 10. 00 000017
ἰ . 100 000 0. 0001100 70 000 000 00000011. mn? 10 000
1 1111 1111 1. 111 111 1. 111 111, iuppiter, 11111 1111111111 1111
. 000 11111111 10. 710010 genitore 0. 010 000 0. 00710. 110
&nitorem 0. 700 0. 000 0007. 70 100
10100010. 000 070000 genitori! 000 0. 00 007 10. 700
0771101111 1111111111 100 genuitatis 0. 0. 000 Β. 1. 001 710 1.
000101111111011110. 000 1 1111. 000 1007. 00 10. 700
1. 700 11. 710 guil·- 1111111111 panibus 111οἱ1 viro· 10.
um· siny- 0. 00 0 010 piu. 70⁸
1. 111 11. 1111 leem 1. 11, 11111000. 1. 111 10. 1. 1111
. 100 0. 000 0. 000 extrema genitrix 1. 000 0. 700 0. 000 0. 0000
Hm, G· ³ 017 11111111 qd 107 001 007 10. 000 10 111101
11. 11 1111 genitum 11111. 1. 1111 1111111111.-
. 1.1111 ε. 1. 111 111111 11117. 170
1111111 ⁷· .. 11111111.
111011, panlinus, 0. 0. 000 gem G. 0. 100 000 007 0. 001 0. m
Β. 1. 000 700 7. 70 AE. 1 71 0. 007 0. 000 700 0. 000
10 pondere eginh 0. 110 7. 700 700 0. 100010 000 10. 100
1751 11. 111 m 110 10 00011111 surget mundo
010 0. 100 11111111 fl. 0. immid· [1111ίί0.0.000
010 0. 011 7. 017 007 11010, 9111111, 1111110111. 11111110. ,ie 1.
111. mn, (i- 0. 00 01 077 0. 70 0. 000 ,10. 0. 000 0.
gioria 11101111 0. 000 070 700 0. 707 070 7. 000 000007
1 1οΜ [1011111 0. 00 700 000 0. 00 00 0111000010. 000
quem 0.. 7. m 000 000 11. 00 110 000 001000
{ajam ,11111 0. 101 genien. yem, ori'yi'uem. 1110111111, 0.
0111111110. 000 0. 100 070 m. 1. 07 000 000 ’000
1101111110111111111111110. 0. 00 007 0. 1 100 100 000 0. 010 0. 700
‘quorun Agragas AE. 0. 700 0. 000 000 071 0000010711 010
'stoji :imin 0. 01 genle! (i. 1. 001 0. 00 000 ti). 1007
eme. 0. 000 0. 010 0. 00 00 7⁰⁸ 7. 00000010
bt. 91101. 1. 000 0. 100, a· 000 7000 100 10. 71 100 11. 000
0 000 ,1111101000 0. 11 0. 00711. 10 0110
1111117700111111. externi 7. 00 genii, 1111171111, populo, 1. 000 0. 0010.
immae. 111111 [1111111111 m· 00 70 0. 700
(i. 5 010 Fa· 1. 100 0. 000 gentibus E· 0. 01 M. 1. 01
3111010. 0. 00 70 100 0. 0 00 115. 1.
111. 11. 000 12. 01 100 000 0101010010000000000
·. 11111 11111 1. 11111 11111. 1111111101 11111
mitellis, 1110011010 10. 170 000
limite 1111111110 domo 10. 101 genu 1. 010

:enoris ,111111 11. 1. 11 igm- 1. 11111 1. 111
...0.11. 1. 11 111. 11111 gennem 111... 1. 111 111 1111
1 11. 00 00 010ι *genui quein 10 000 ·

 

