4444444444ἰ 444

44 4. ,400 444144 8. 84 uxo Phoenicum 4. 818
tid 44144447 0. 810 44444444 Phoenissa 14104 1. 074 0. 480, subaudi-
ι, ⁰9⁶· 8. 081 1444, 444· 144, nido 1. 718 4. 800
18 44144444 1444 44444144 0. 0144414444,ὒὰ144444, 4. 848
ι 0. 8481414 Ion, 11. 1171 014444ιὶ4, 4444. nvp. 4141, 4. 784
nemi! 11. 784 Pholo& (14014 genus 8. 488
’. 401 0141444444 . nomen cmm, (1. 4. 488
. 448 410. 8. 404
ιι, mores Manain, Ε, 014441444114ῑ44111484444ι44 8. 844
Phorci. 8. 440 844 40. 848

Ι. 8. 108 10. 180 Phryges 1. 474 11- 184 880817 080 44.
. 480 14. 844 884 470
484 11. 04 14. 477 884 Phrygia, 484. Ι1’4ιιι., in 184 Ae. 0. 80,
441, 14144144 0. 708 :eum plum-egnum 4. 08 44444 11.
880488 Phrygiae 1114441. 4 44 Β. 8. 8. urbo
810’ 8. 407 8 4444 Phrygiae ( nequa 444144
44 444 G. 4. 48 Phryges) 8017 44440. 88 campa 40.
. 1. 847 4.18811.00880 884
1. 8. 848 44. 4. 840 401 0144414444 chlamydem ³. 404 mtrem
848 8. 488 0. 880 7. 130 4114414444 7. 870

888 44. 844 Phrygia 11444444 1. 188 , [enm , 8.
4441114 14. 840 818 urbes 8. 788
0444141441. 4. 400 0144481144 4. 101 844 10. 488

1211 Α.. 4, m 0144311, yenit„ 8144400114 1. 844 pue.
844 4441411. 484. ptum, 4444444 4. 148
Ι. 480 comite· 4. 140 4141 11. 877
um, 0. 4. 807 Phrygi· 4414141414 4. 880 1441444414 7.
0. 708 888 444414 11. 700
40814. 874 014431444144488471444114440814. ·
e. non. 4444. 444, 44. 444 44444144
44,1444444 8. 44414. 140 Phrygia ignea 4. 470 44444 7. 488144·
44441, 0. 4. 400 44410. 487
{hiron 0. 840 Phrygis semiviri 44. 00
14. 8. 404 Phrygium aequor 1. 888
8. 70 G. 4. 811 Phrygius putor 7. 874
4414. 8. 188 . 0144 5111 8. 788 7. 404 11. 448
ιιι 8. 444 01184444 1. 488
444 444 01444184 Ε. ³. 74 407 7. 14
miserrimus 8. 818 0144111814 8. 10. 7. 80
,848 4. 484 Phylli· 7. 08 40. 87 41
18 01411444414144 G. 4. 880
,44. 8. 8710. 48 88 40. pin, 414 , 41114 01. 4. 887, 4444441444,
numina 4. 884
ω, G. 1. m Α.. 1ο. m 4141441441144444 4. 440 4444 8. 870
pede 4. 8 piacula 1. 088 0. 188 880
41444114 8. 887 piaret nefus 4. 184
. 07 7. 44 84 Ao. 1. 888 piu 4444444 nolente 8. 40
0880 880 474 Au· 8 88 piet! 41. 4. 41 AE. 0. 108 10. 114
’8. 740 0. 801 10. 887 14. piem 4411441440. 11. 800 nigranti Ae». 87
piceum procumbunt, eadum, 0. 480

ι, 4441444 Apum 44444444- 44444 turbuno 1444444044 8. 871

778 picen 144444 G. 8. 480
,84 0. 8. 80 8. 11 40 88 piceum Ιιιιιιιιιι 0. 78 flumen agi! 11. 818
8. 188 484 488 0. 80 0141 Laurentis 7. 171
4 ,444 u. ι. 4444 444 144

8. 0. 441. 8. 148 putu purpura Ae. 7. 484 4404041100· ¹
10 281 11. 704 018 rim· 4441140 814 ·

 

