1111111111111111 8⁰5

1111114. 444· · 1111114111 ne. 4. 471 4. 444 4. 44411.
poue 1111111 1111111114. 447 144 11111 111111111.4,444 111111
1111111 4. 4114 111. 11. 444 ’
11. 1111114114. 4. 444 extimui 4. 144 “
., neema, 1. 1111 111 G. 1. 1111 111. 1111. 111 ’·
11111111 4. 444 1111111111 11111 Ae. 14. 441
que 1111111. 44 - extorquet 1111111111 14. 447 ’
1111111411 4. ³8 11111111 41111111 -1, 414
1111114. 444 1111111111 11. 4. 4741111111 4. 744·Ι
’4111 4. 417 11111111. 1111. sen. 11111111 meorum 4.
Ι. 4441. 4. 11 4. 44 11. 444 441 11111117. 4114141. 11114 Ε. 4. 44
. 444 «is G. 4. 444 11 11111141. 4. 417 11. 444. nenti.
1711111111. 7. 444 111113111111111. 4. 4741111 41. 1.
G. 4. 44141. 14444111· 444 Libyae 1. 4111 1141111111 4. 444
. &U 1111114 14. 7114 [1111111111 4. 414 41111 1111111111 4. 41111Ι
114144471111111111117. 444 11114447 11444111 111. 444. 11111·
11111111111111111111111.444 11 41111111113111 ⁰ 4111111111·
1 41111111. 444 tem 11. 1144
1111111414.4.14411.4.147 extreme 91111. 11111114 1. 414 ng·
11. 4. 471) 4. 444 44. 444414 1411111411 4444 111. dm 1. 444
1 444 1111,1111111,14. 444 11111111111111 Ae 4.·174111111114.ι
111 uxum G. 4. 411 444 mem 4. 441 11111117. 1174111-
1 1141 11. 4 447 1111111. 11111 11. 444
1111111111 14 1114114. 14

1 1111111111 7. 1141 1111111,9111“1.1111111. 41144 11111114.
11111 11. w ‚³¹o„.tur. 11. 11. 111111. 111 11.
1111111 14. 444 jugan 14. 444 444
1111111441 1111111111 G. 4114 ,11414411 1111111, ,
11 4. 447 4. 171
t. 144 Μ An. 4. 44 4. 447 111111111114.44111111144444111

1. 11111111 ,11. 1. 111 olympo ¹1.
1. 1. 1111. 111 11111111 111 in 11111 11. 111
4. m 744 4. m 7. m 4. 1111111111 4. 144 11111111 G. 4. 417 ge·
11. 441 414 444 14. 144 1111111 4. 417 111111 clypei 14. 144
ementem 11 pruina 0. 1. 444 1111111111, nane. 11111111 E. 14. 1 114

11 potem! 11111 (1.4447 vir· 1114111 4111111111. 1 411, uem-m· .

1111141. 4. 444 111111 4. 44 Ae. 4. 444, 111 ,4.
:um 1111111111 11111111· 11. 444 deficare ignem 1. 4441 11 4.
1111 11114 11. 4. 474 4. 441 144
4 fam 4111114. 444 1111111 1111111111, 11111111, 4. 714 4. 444 4. 444ι
· 1111114444 promptulo· 11114111. honorem, G· 4. 444
1114. 447 11111411 1111111 4. 414
1151 7. 444 1111111111 91111111 Ao. 4. 7441111111 ox
gn 1. 111 ignibus 1. 111
11417. 4441111117. 447 1111111111, 1111141111, 1. 444 pm&
lem 7. 474 4111111114. 147 111111 11. 144
1111114. 44 ‘mn 7. 44 1111111111 prinu 11111 ’11111 4. 114 11·
1117. 474 1111141111 1111111 4. 4
1111114. 444 1111141 11111 11. 1. 44 G. 4. 4414444
11111 4. 444 11. 1. 141111111111 11. 1. 4741111·
111444111117. 44 4111114144 111111 11111111.-
14411171444 'flnhflmfflmffllfflss-'st
1111114414 11111114.4444111111114111114.447,
, 111. [11. G. 4. 417 Ae. ³· 41111111, 11. 444 14 1111 sigum 41111
4444744. 414 m 4. 471 4. 11111. lm 111411 4. 417 elma
11111υ4.47411’114.444114. 14. 444 1111111 11. 74 14 4111111.
111 11111. 11111111. 111 111111 porti· 11 111

50

 

