1001001011011

11102 702 6. 2078. 161 cythi G. 2. 131
11 106 327 Ae. 6. 6717. 11111111. 0. 31 10. 30
χ 11111111 1. 70 2. 01
’.χ100 Ae. 166 0. 161 1111111111. 3. 301111111112. 137
,1. 186 0. 3110 7. 610 Ι)
ι ,11. Ε. 6. 11 111111 7. 31
3011111111 0111 G· 1. 17 11. 0110111111,111111ιί1 81. 3. 86 1161111111
Ι«1111111111 Priapus 1. 1001111. laborem proprium 7. 331. Da 111111
1.21611111111.13311·1111.1111, ferro 10. 121 facilem 1111111111 G. 1.
Uirginis Arguss 701111111111. 10 vela pelago 2. 11 auxilium 81. 2.
10111101111111 8. 270 11111711- 091 dmm mimo 6. 37010111 fuf-
11111111 8. 662 potine Nisus 0. 11111111 concede 6. 080 6. 60 0. 13 10.
1111111111111111110.1061111181). 62 11. 780 12. 07 Dic· Ε. 1. 10
‚ Apollo 11. 786 7101111111 1161111111 3. 137
zac 1111111 signa 0. 1. 171 1111111. 1. 30
3 111 10. 220 11. 768 00110. ⁸· 106111111111111.31.11131
13. 127 8. 002 12. 738 1111111111]11111111111 1111111112.
13. 617 11. 263 161
11111 1. 208 1111111111 1111111112. 376
16. 1. 170 Ae. 3. 0118. 110 111111 3111111161. 1. 1001111101. 607
13. 617 dida 10. 000
111 G. 1. 171 11. 3. 000 07811. 111111 epulas 1. 186 vireu unguis 6116
1. 118 jura 11. 811 respousa 6. 70611111 6.
. 0. 20 Ae. 7.. 600 11. 1118 862 0131 1111111111 0. 312 3111111111-
3. 2. 100 Ae. 1. 307 1111111111 nobilitas 11. 311 1111011111,
0. 663 10. 180 12. 260 63611111111111 virgo 12. 60111111·
G. 1. 330 1111111111 11. 301
11. 10. 326 12. 868 11111111 1111111 2. 660 11111803
11111118. 11180 1111111111 imperium 111111 3. 160
(1. 1. 178 1111111111 munera 6. 360 1111111111. 386
111. 8. 130 1111111110. 1. 130163 specimen 2.
ι prole· 1. 268 211 vire· 280 praecepta 1. 308 11111.
10. 1. 337 ..11. 1. 212 276 nem 111.2.203.1Ιί1[11111111 1. 2781111-
3. 1. 606 ,11. 0. 303 113 plexus 1. 601 111111 1111111113. 160
(1.1. 106 111111 0 273 discrimina 1611111111
11. 01 dabit indole dignum? 10. 826 nomen
111. 3. 66 6. 267 urbi 12. 101 te 111111 defensum 11111·
7. 097 · 111 12137 1111111111111611 1116112.
1111. 1. 338 11. 6. 826 163
111 10. 226 11111111 unum caput [11 1111111116. 811
181. 118 , quod 11111117. 260 1Ιί11111110. 683
1 hirei G· 3. 312 . tenus 10. 6611 1111110110· oum t'oefm'e.
111. 1. 1021. 117 7. 3130. 116
1 E. 6. 3 G. 3. 36 111116. 306 equita 8. 610 11111110. 263
1 111. 30 080 111113116111111103231111101111.
1111. 111 “ 11. 111 terga 11. 111
11. 1. 626 debunt 11111111 volit G. 1. 636 jun 11.
G. 1. 321 361 376 630 1. 207 111111 2. 301 11 111111. 627
1111111. E 0. 30 praemia 0. 261
n G· 3. 13 11. 1. 303 1111111.. 2107 .
1. 711 6. 120 0111111 sem O'roe 61. m 111111. 11111
1, plur. ,111 01. 111 ·
111230 0111111111.6.1120
1. 681 10. 6186 1111111111
11. 2616611. 128 6. 800 8. 1111111 E. 8. 28. G. 3. 630
116 damu 1. 308 3.110

 

