9099119909991 799

3. 19. 897 9111333318. 9. 89
9199 Antiphaten 93, 9. 999
131 antiqua 1. 13 1333331311 1133333313
790 9.1·999. 91199999887179999
1, 999 9. 199 Ae. 9. 799 11. 999
1. 199 999 9. 819 1111331311.1.1·11 93. 1. 9999. 799
3133 1331311113.1313333.333133.133
9. 999 19. 988
13. 7. 989 3111131339. 9. 109 93. 9. 999
19 30931119. 998 11. 999 891 11. ’979
11 1331331111. 9. 191 10. 719
13133,331313,31131333,331 33113139. 9. ³³³ 93. 7. 989
331111339331133139313933333. 3111131339. 9. 999. 9. 197 ,
3119. 9. 9999. 199 3311311393919 9. 9919. 999 9.
.. Ι9. 91 (1.9. 999 93. 9. 197 999 998 9, 99 897 19. 897
13313113. 11. 313
3133, 3111333 3111331133, 3311333, 9311331338. 999
animus, 3111333111, ud 311113 1111119. ³. 919 93. 9. 919
13311311. 31311119. 9. 999
1.177 9111319,1..799..199199919.
.9. ³³³ 9. 99 ³³³ 93. 1.99 ³. ³³³ ³³³ 917
³. 91 991 9. 71 99 991 900 918 999 9. 917
³. 89 999 999
9991991 999. 33313113 E. 9. 9. 93. 1. 179 9.,9919.
977 11 99 197 8. ³³1
999 99199 8. 998
3,11113,3313333,113313133,33· 1313 7. 919
mummi-qumana· 11311339. 99
999 Anxuri· 10. 999
.991 19. 799 9133131337. 799
³. 91999993999 9. 179 93131 E. 999 .
1, 90 93. 9. 999 131111.13.13
11. 90 911139. ³. ³³
1197 33138..9....79999999310798
991 33331339, 90911. 989
198 919919, 119 11. 797 33331319. 90
13333119.1.91793.1.1111999.999
99 9Η19999799999919.899
,17 1313111139. 9798. 981
3.1131110...1333313111.11.333
..999 ³. 11993. 8. 999 3331313319. 1911. 798
³. ³³³ 33331137. 9998. 9899. 99
13 , 1μ31.“3..,.1311311313331311
3133. 999911. 199 19. ³³³ 999999
33 311 33113111. 3. 11313. 11. 333
apertum ³. 991 19. 91911. 999
133319. ³. 7910. ³0³³ ³³³³.³'³'³
99999993.1.9997.9919.988
33319. 989 10. 979 ’
9339111139. 799
1311338. 1. 999. 1. 99199. 897
199 119 197 910191918 ³³³
3331331393. 9. 9997. 9919. 999
3331333. 9, 999
3 33118. 9. 999. 9. 191
Apolline 93. 19. 171
9313111319. 999 9. 79 19. 919

Apama. 131 1. 13 11333111

 

