100100103110 717

10. 121 12. 272 1. 127 170 2. 210 731 1. 037 011
11. 831 12. 111 7. 181 0. 108 11. 200 12. 070

200 0. 72 7. 123 1111111 E. 2. 13 11. 10 112

. 132 11111012. 101

102 12010. 230 ardentibus 1182 8. 213707

10 3. 33 11 211 322 3. 131 11011111 1. 717 ¹¹. 007

0. 17 110 330 7. 70 8. 11 11011 1. 103 2. 311 1. 101 281 7. 023
111. 100 0. 0010. 270 11. 3 71 321

. 820 ardor 1. 181 7. 303 11. 780

2. 100 1111110. 3.132

,31 Ardet-em 11. 0. 181 Ι

. 3. 111 111111 0. 2. 07 3. 08 70201 310 11.
·. ¹. 2113701282. 220311 1. 271 001 1. 2101. 128 100 831
1313308. 08 017 ’ 0. 011 7. 101 112102 8. 221 117
083 11. 113 12. 711802

3. 131 1. 108 11. 1. 130 arduus 0. 1. 210 3212111313011.
0. 181 . 2. 328 170 3. 010 003 1. 278 170
7. 870 0077. 0218. 200 880 0. 03 10 3.
. 301 102 107 11. 038 711 12. 780
2. 01 0. ¹. 210 2111 1. 101 11110. ¹. 178 102 208 3. 133
213021212.0103.201113 archon! 0. 1. 12111. 3. 112

200317 0. 0 771783 7. 01 11111 0. ¹. 111 380 3. 101 231 103
10 8. 371 11. 177 12. 038 1. 201 11. ¹. 178 1. 020 1. 330 371
0. 1. 221 11. 0. 110 123 8710. 310 013 7. 31 018012.
1. 712 100 210 310 382 711

73 mm G. ¹. 101 2100 3. 110 11. ¹.
112. 110 110. 111 3. 38 017 1. 31 0. 710
7. 712 uenam E.³ 87 0. ¹. 70 3. 211 11.
1. 2. 17211. 10. 12 0. 207 0. 000 11. 020 ’
10 310 8. 313 012 0. 111 1111111 0. 2. 232 2. 310
ns ³. 71 · 111111 0. 2. 130 11. ¹¹¹

110-111111 01207 1111101111 1. 217
. 138 malem 3. 31012. 122

¹. 210 11. 0. 11 arentes 0. 3. 331 1. 208
3. ¹. 201 1111111 1. 100

0. ¹. 08 11. ¹. 728 3. 118 1111111112. 377
1071130.80311.111 11118. 7. 17 10. 07 0. 3101
. 3. 1211. 1. 101 322 3133 11111111 Ε. 10. 1 0. 1. 311

021 000 008 8. 701 01111. 311 11. 3. 000
1111 argeum· 1. 111 ·

¹. 381 2. 20 118 11. 1. 88 argenti 0. 2101 3. 1101113130.
. 1010. 031 001 10. 18011. 112118 10. 127131
11871 argento 1. 207 307 7. 031 8. 072 0.
¹ 301 . 203 317
e. 7. 112 031 7. 73812. 11 :rgentum ¹. 107 0113100

0. 3. 11211. 1. 810181 11ςί 8. 310
1. 2. ¹ 180 0. 1. 120 11. 1. &gilla 0. 2180
. 183 11. 782 Argileti 11. 8. 311

2, 101 1131111111 11. 210

,1. 31 1. 01 11. 211120 11ρι 1. 28280 2. 178 720010.πο
' 110 0.1 130 0121 10. 011 Argitisque 0. 2. 00

113111 11. 2. 2017. 082 701 11.213

. 3. 100 11. 2. 310 ¹¹. 002 Argiva ¹. 2113. 117
0. ¹. 301 11. 7. 011 Argivum ¹. 1123031072

c. 1. 1111111111. 111 Argo 1. 1. 11
,108 031 812 703 70010. 202 Argolica 11. 1. 311
1832 1151Ιί11 2. 13 3. 283

0. 3. 10 101111 1. 0011111. Argolici ³. 037 8. 371

 

