VOCABULOGUM 101

111111. ... ’.τ’ 1111111. ’177111
1. 077 777 730 11. 110 181 defendero 7. 117 propugnacula
1111111, 1111111 G. 7. 111 iun 11111 1181111111 111 711111·
1111, 11111 11111. 11111111, 1111111111117.001

100 paretur-m 111111 111111 1. 711

111 guttura 1. 171 111111111111111111110. 111
1111111111 8. 717 11111111111111 1. 711

11111 111111 aestivum, aper, pareri 1111ιί 11111 7. 1371111111 1. 711
7111111111 1111111111ςίιῶ 1. 11111 7. 108

11108111 111111, 11119111, 111111111111117. 1.10

re, ,11. 0. 717 portu 17. 011 11111111111111111117.7711111111111·
111 11111111 1. 17 111 11. 3. 317 quid 0. 1111111111.
11111111ουί1 7. 731 velorum 30111111111.100 ,
170 pm! ire 1. 18711111 1.103 111 pede·
11111111. 7. 111 7. 0711111110. 181 1111111111 10.
111 Ausoniae, partem Apono, ’ 77011111011111111111111111111· ’
1711111111111111 1. 71711- 111117111 “
,070 111111 ringula 1. 773 111111 1111111111111117. 311

ima 11111 victorin 17. 170 1111111 111111 1. 1001111111 1111 1110.
111111110111 7. 111 11. 113 001

locu· G. 1. 31 11111111. 1. parrum 1111111.70

111101311ρί 10. 1 1111111111111. 001

n ordine 3. 171 1111111111, 1111111111111111111. 11

ιηιοιιο, 3. 707 111-1111111111111 E. 7. 011111 opi·
pennu 11 solem G. 1. 310 ro· busque Ae. 7. 711 1111111 1. 10111-
1111111, dane u'yua, 7. 701 3111ιῖ11111 1. 100

11111111. 7. 77 samir 111111 inferro 1. 711 111111.
11111. plur. 11111 maniae , 010 113111111110. 1711111111117. 17
107 μ11111,1ει·1., 111111 Teucros 1. 711
virgo 11. 0. 710 , 1111111111111 poulo 10.111
,1111 Nymphae, G. 1107 pomum 1811111011

ue 17. 0. 300 paratur 11 utrumque 2. 011111 111111
1111 1. 311 111111 17. 08

’ ’ ””· ”’·”·”” 17 1111. 111 ... ..

»1113111οθ 107 10. 111110 17. 117

7. 377171 · 7111111111 17. 110

7. 311 Ρ11111 11. 1. 71 -

3. 1. 7171. 111 11. 1. 110 parce 11111 1. 701 pio goneri 1. 010

Β. 7. 17 G. 1. 71 1. 011 11. sepulto 3.11 pin 1111111111 1111113.
17 tu, abstine, 1. 101 111111 beno 0.

35:31838'0 ω μὲῖἰῇΐἸΙΙέιίῗιιιξῃῗῐ1111137111 G. 7.

11. 103117 ’ 1111111111 1111111, 1111111, 7. 113

G. 3. 101 pererro genti 11. 1. 03 1111111111 1. 803

11 111. 1. 711 1. 77 1111111111 1111111111 1111111111111 111911, 7.

ι. 171 temptum peromnem. 7. 110 11111 1. 317
- parceret hospitibus 1111111111 11. 10.

,111 11. 1.’ 111 pubo- 111111, [1111111711τοῦ. 1. 711

7. 130 pucino! 111 ulli 011111 Β. 11). 811
hoc igne· nmque! 1. 1701111111111110. 1.1

ιιι 11 muner 17. 117“ percite 1111 nimium procudere 11. 1. 11

11111111111111111111111· jam reite 11111111 11. 1. 101 ju
718 11111111 1711111. 11 Rutu 1 17. 113

· 111111 1111111111. 1. 171 pertin 1111 1111111111111 nomio E.

1111111. 11. 011 1. 7

117

 

