vocsuumustu 8111

1111111111. 1111111. 111 surm 1. so. 11 11

83 7. 788 811111111111111171111111111 ue. 10. 113
111. 8. 1811. 1. 181 1. 8313. 111111 som. 11111111, 11. 1178

1. 111 111. 1. mmm 111 8, 111111111111111111111811111118, 8. 811·

0. 881 8. 111 318 11111111111111111111 7.111

uu E. 8. 1 hius, saepissime, red 111111 1111111111Ι
8. 11 8. 118 8. 88 G· 1. 811 2. 111111. ’

281 3. 138 181183 301 mm 8138111130 hine 1. 188 801 1. 117 8.
111.1.1018.8807.101 3878330110 ’
E. 1. 10 7. 11 8.· 1311. 1. 131 hinnitu G. 3. 01

1. 188 3. 1011. 100111. 7. 18 Hippocoontis, 1111111111 viri, 111. 8111
11. 108 Hippodameque G. 3. 7

1811111111, 1111116. 1. m 8111111111 11. 11. 181·

1, 111, 11. 7. 838 8111111111 7. 781 ·

1111111118. m 8111111111· 7. 718111 ·

1111111111 1111111111 G. 1. 18 1111111111 G. 8. 180 183

111 1111111181. 8. 188 1111011111 1111111111 Ae. 11. 171

ri 11111118. 381 11111 8. 170 1111111111111111111 1. 817 .

11. ignum 1. 111 11111111113111

11111111ωῇ17. 8811 simi G. ³. 311

11 8. 110 18. 811 ’178 11111118. 3. 8

domiui, 3. 381 1111111113. 01

1 gressum 8. 111 hircus G. 1. 338

mm ¹1. 110 1111111111 1111111111 E. 1. 83

111 regem 8. 881 81111111 1111811. 8. 118

1111117, 'm 111111111 frontibus 3. 131
111111,1111.11’1·1“,11,311 hirsutumque supercilium 11, 8. 31

1111111 11. 8. 318 1111111111 111111 oquin& 11. 10. 8111

1, 11111111 1111111, G. 1. 187 1111111 sures G. 3. 88

1 sus 7. 181 1111111111111111 ³. 887

11. 1. 18 88 hirundo 1. 377 Ao· 18. 171

111. 11. 018 . 1111111111,111111.1111”, 11. 381

1. 11111 111 1. 1111. 1111111111, n aperio. 1111

8. 1118 188183 181 87311. ’18 hinist 1111 G· ’.1. 883

830 10. 88188011. 8111713 881 isos, 11111. 111. 111 ubi.. simplicitur, 1111
n E. 1. 30 G. 1. 1111 111. 8. 383 cum 111111. 1111111111. 111111111111111
3. 301 us sie· 3. 138 hue 1111111118. 1. 18
1111111111 81. 8. 1117 hoc munsiru G. 3. 1831111 satis ur·'
1113. 8113 1. 1 1111111113. 18811111 ipsum 3. 811 hou
111 8. 188 1. ³³⁵ 1111111 uuili 111. 1. 188111. ·
un s. 111111 1. 1111 sursus 111 111, 1111111111111111, o.. -1, 111
11 813 8. 118 1111 habos, 11111111, 11111111, vei 11111111
Ι11111111 B. 8. 81 Ε. 1. 1818. 77 uulnere 111111111111,81. 11. 11111
1ο 111 {ario 7. 801 hue 1111, quod 1111111111 111 1111, haecne
*ium 1111113. 118 1111111. 8 eras 11111 111, 111. Au. 1. sos

us E. 8. 80 10. 77 hodie Ε. 3. 13

111 11111111 3. 13 hoedi 7. 811. 2. 52⁶ 1. 10 ’

uuus 11111 8. 813 11111111 E. 8. 81 11. 11. 113

is G. 8. 833 :undarum 8.· 3. 80 G· 1. 108

mrim, sed 1111111 1111111111 sessu. 11111111 E. 1. 13 3. 318. 11013111.
11111111 ,11. 1. 828 11111117. 1111 ¹ 8. 888 ·’

1111111111 10. 710 1111111 12. 781 11111111111111. “

1111111111 [lubisG 1. 808 hominen 81. 1. ³³2 10111
1111111.1111111111111111111111131. 1111111118. 1111133 11. 1. 3117.
suu ' 1 111 su. 111 11. 11 111

ts 3. 818 1111111111. 1. 111 11. 3. 111

7. 2³¹1 11οωί11111 11. 10.81(1.1.8018.10130

..1. 11. 111 1.1111.1111..1.11111111111 ’

‘ses

 

