10010111011011 zm

1 1. 000 11011111 0. 01 11ιο Phoenicum 1. 000
1110111107 0. 010 1011101111 Phoenissa Dido 1. 070 0100, 11001111·
, 1111, 0. 001 1011, um· 101, vido 1. 718 0. 010
Ι 10111101 11100 1110111111 0. Phoenissam, 1111011111, 0. 010
0. 0101011 lm, 11. 071 Phoenix. 110111.11011.01“11’, 1. 701
‚mie 11. m 10101 erm genus 1. 111
101 . Pholumque ‚ 0011111 comm, G. 1. 100
100 Aa. 0. 100
, mom 1111111110, Ε, 01000100001010001001 0. 011
Phorci. 0. 110 011 10. 010
ἓ. 0. 10010. 100 1111111011.0710.100000017 000 11.
000 11. 000 001 170
00 11. 01 11. 177 001 Phrygia, 001. sm, in 111 Au. 0. 00,
&ital-rie· 0. 700 :gum plunhogmim 1. 00 111111.
100 100 Phrygiae 1110 G. 0. 01 Β. 0. 0. urbo
10· 0. 107 0 1011 Phrygia» (000110 0οἰοι
1 rex 0. 1. 00 1111118000.οΠ 10110. 00 0101111110.
1. 017 0100 11.Μοοθ 001
, a. 110 10. 1, 110101 Phrygiamm chlmydem ³. 000 10111010
010 0. 1000. 000 7. 1001010010 7. 070
000 11. 000 Phrygia 1111111101 1. 100 , [11111101 , 0.
milla 11. 000 010 urbes 0. 700
01110116. 0. 100 1110181001. 101 000 10. 11111
125 Aa. ⁸. m pflugii, 91110, simoentis 1. 0110110.
111 doni· 11. 000, plan, 11001101 0. 100
100 comite· 0. 100 viri 11. 077
lum, 0. 0. m Phrygi· 1110111111 1. 000 0101011111 7.
1. 700 0001101111. 701

00 11. 071 Phrygio 1101011 0. 017 0010110111. '

,1011111111 vivi, 10. 010 11011011. 70

1,10111100. 11111. 100 Phrygios ignes 1. 170 dm 7. 000110·

11111, G. 1. 000 10110. 107 A

11100 0. 000 Phrygis semiviri 11. 00

1. 0. 001 Phrygium aequori. 000

0. 70 G· 0. 011 Phrygius putor 7. 070

1000100 . Ph μ1.1101.11111.111

10. 111 11111 11111 1. 100

100 001 Phyma· Ε. 0. 70 107 7. 10

0001110010. 010 111111Ιί011 0. 10. 7. 00

0111. 111 Phyma 1. 01 10. 11 11

1 Myliadum-que G. 0. 000

00. 0. 0710. 100010. Ρ11,011,ἶ1111811.0.007,01111.ρ111.,

0010101 -. 0 1

a, 0. 1. 111 Δ.. 111110 [1110001001111111 1. 100 01110. 170

101 1. 0 piacula 1. 000 0. 100 000

0111100037 ,1111011101111 m

07711 00110. 1. 000 1011101100 nectente 0. 10

»m 1011111.. 0 10 01000.1.1113.1.10110. 111

0. 710 0. 001 10. 007 11. 111001 cangiaco. 1. 000 nigranti ,10.0. 07
piceum 11000100001,0011111, 0. 100

,0111111 epam 1111110· {now 10111100 1001101011 0. 070

170 1110101111οω0. 0. 000

010. 0. 00 0. 11 10 00 1100111 100100 0. 70 11011100 ,gu 0 010

1. 100 101 1101111 ’ici Laurentis 7. 171

1 ..10. u. 1. 1111 110 111

1. 0. 02. 0. 100 111011 0011011 ,10. 7. ’10101010111111- ,

1001 11.·100010 riez· 10111111 011 ·

 

