771 INDEX

611χοί1111 11111111 6. 1. 127 1111111158
Corydon, 11111111 viri, E. 2. 166 66 63 crebrae·
6. 86 ’1. 2. 16. 20 76 crebri· 11
Corydonis 7. 10 361 11
coruli 6. 216. 2. 61 ignibus
11111111 11. 6. 3 1111111
1111111111.11. 7. 63 11111111 11
rotulum G. 2. 233 12. w
111116π111113111ῗ1111. 111. 18. 166 1116161 ²
111111 11161111 10. 168 ’160
com 111. nomen vin' 6. 811 credant 1
101111 6. 1. 213 3. 266 ,11. 2. 16 3. 11111118.
13210. 68211. 817 12. 276668 crede, 1111
mdis G. 1. 303 666 11. 1. 216 7. 163 11111 111
10. 382 · thalmi
11117. 627 111111
cothurnis G. 2. 8 credens 2
6661111110 Ε. 7. 32 8. 133 ,11. 1. 311 11161116
cotibus Ε. 8. 13 6. 1. 263 16. 16
crabro 1. 216 331 Ar
1111 Ε. 3. 71 1. 221
1111111111111111 G. 3. 2661111111. {erga ’1111111
2. 236 (111111
11111611116111112. 116 38311
1111111111111111111 Ae. 6. 163 16. 313 3 12 r
crassus r' m'r, caligine 6. 2. 309 11111111
1111111111 1. 126 lux 61. 8. 17016. vo 111111
2111111111 12. 76 868
1111111111711111 1. 118 1111111111
1111111 G. 2. 628 111. 3. 626 6. 636 111- crediderat
11111111113. 266 316 1116161111
11111111 Ε. 6. 68 Ae. 1. 728 7. 117 1111111111
3. 166 368 12. 286 ’ 11111111]
cratere G. 2. 167 · 1116111111
11111111 ,11. 2. 786 626 1116111111
111111, d 1111111111 6. 1. 06 16011111. 1113118.
61111111 favorum 6. 1. 211 crater 11111111, 1
umbonum 111. 7. 63311111 pectoris 11111111 111
12. 638 11116111
111111111161111111 G. 2. 3 non um
1111111, pepererat, 111. 10. 661 12. 1111111111,
271 ’ 1111111112.
11119111116. 1. 273 111. 16. 706 ereditur 11
11111118111111111 juvenes 10. 617 credo 3. ⁴
11111111 Diva, mater. 6 367 8. 631 12 6. 3
11111111 Vulcani stirpe 10. 613 credun! 8
11111161-111111111 7. 283 cremante
1111111 turbo G. 3. 170 procellis 11111111 1111111111
111. 1. 83 fedum 111111112731111111- cremari 7
111111 6. 133 61111116. 76111161111111· 11111111 11
quo 11111111 pulsat Dareta, 1111111111γυὶ· cremavit
111, 6. 660 cremonae
111611, 111116, nomen pro adverbio, 6. crepantes
3. 600 111Ῐ11111111
erebra 1111111161. 6. 136 111111.111.111. 1111111611
611 ’ 11161111
1116111111111611111111111111 12. 222 . 70

 

