00 1111

lectum, adjeel ‚ ilice bustum 11. 881

100100 G· 8 181, 6010100, 80. 1. 1,
10001 se 10. 808 “.

000000000001
10. 1. 08 8. 07831811108881
8. 370 8. 803 10. 80811. 108 818

110108. 78

1001100 E. 7. 18 Ae. 1. 18

10000011. 8. 131 ,10. 1. 338 7. 388187
8. 1118 888

taedis 1. 803 0. 811 803 7. 71

legant 00100000, 010 G. 3. 118

legul 0000 10 anim-a 1000000 Ae. 18. 83

1030 10100010 11118 1 037

703100000Ιὶ0 ³. 830

’103000101οι10 adsis G. 1. 18

Tegeaeum 00100 ,10. 8. 183

legebat quem bruma 8. 17800000 crinas
8. 31 se [001 cratera 3. 310 cum 100·
ba ducum 11. 18 quem, equum, 1.el·
lis, 010. 11. 771

tegendo 11011 vitium G. 3. 181

tegens 00010 80. 0. 188

1000010ιο supplicis 0. 188

legentes {erga 11. 030

10800100000101. 123

1030000000 papaver G. 813 humo, 00·
dama, 3. 808 huuc 10. 10. 80

tegerem ms 000103 88

negt-rel lumina somno G. 1. 111

tegi corpus humo 80 10. 801

legi! 000 arbutus 1001018. 7. 18000011·
00 00ιί G. 1. 183 nix humeros 7101.
880 00001100 00110 1. 177 huon 10001
8. 138 silva 8. 1110000 7. 080 00·
lta tamassanus, 7. 738 galea 0.
80010100 10. 311

tegmen spinis consertum 3. 881

tegmina capitum 7. 831718000010018.
818 summa 10. 170 barbara crurum 11. ,
777

:- tegmine 0. 877 10. 887 11. 878 103181

mmmwmmml
cis 1. 317

tegant si qua 8. 18000001070000010.
88 ι

1οἱιο101 00110000οΙ]ρεί 2. 887 000τί-
018. 88

1010. nom· 0110.. 8. 833 787 1. 1100.
1887. 073 18. 108 11. 8108081100.
1. 1888888. 818 188 133 188 8.
138 001 811 888 0. 87 838 7. 030
8. 117 8. 37 188 771 108 183 831
888 888 773 10. 83 801 388183 731
801 888 11. 8. 80 100 888 878810
738 883 18. 80 188 883 818

inter 10108. 8. 18 10. 10 Ε 7. 873 8.

ι380 10. 837 per 1010 8. 388887 881

 

