00111311 10111111 011

0. 371 rogum 1. 110

7. 1107. 11. 3. 10 1. 10011. rogus 1. 071
131οι317 my. 101 0. 03 0. 111110. 1. 031 ,11. 0. 001 0. 01003
11111111. 1. 110 11111111. 11. 11 108

pruinis 1. 011 11111111 E. 1. 10 1711. 1. 117 11. 1.
Euro 3. 3111 030 ·
1 11. 1. 330 301 1111111111, nom. seen, 1111111 11. 1. 070
1. 111 3. 13011. 1. 0017, propago 1. 170 11 817 pomo· 0.
07 0. 110 ’ 00111111. plur· 11111111 11. 1. 100011
1111111111 Ε. 3. 01111111 1111111· oppido 1. 170 1111111111 11, 0. 711
1111111111 1111111111 11. 1. 181 0111111111,911111.,111110, 313 1111111111.
111 o. 111 111, μιν.. m (1. 1. 111
1. 00 0111111111 gentem 11. 137 rou 0. 017
1. 303 11. 3. 30 3101. 001 1111111111 11111 11.1,1011111111.1.
1.10770.1017.0038.00 m

3.·11 10. 111 11. 113 Romae 1 elocuti 0. 113 111 rau 111·
11111110 11. 7. 711 111111 tondunt eine, 0. 001

1. 011 Bomoi rogi· 1. 110

uotorum 11. 130 1111111111 1111111 11. 1. 171 11. 10. 11
10. 1011. 11311110 11. 1. 11111111 nomino 8. 33011110. 301
.. 071 7. 003 0. 110 Romanorumque 111111111111

1. 17 ,11. 11. 101 nomm 1. 1311 101 100 0. 700 11111·
1.1110.1.110·1011.101 pho· 1. 1. 111
111. 118 omnum 111 nomon 11111, 111 (1.3.
“.. 0. 07 11. 0. 300 110
1. 10 . . 1111111113. 310 11. 0110
Ι. 1701. 3003. 377 010 11. 1111111111. 1. 1
1 1. 300 0. 00070311. 137 0111111010171
1111111111οω, m, G. 1. 177 Romuleoque 1111111 11. 0. 001
1111111 ,11. 7. 01011011 0. 010 1111111Ιί1118. 030
1. 1. 11 01 11. 1. 100 1. 101 Romulos 1. 1000. 770 1. 311
10. 11 1131011.οἏηο 11110111113111111111111. 011
11111111 qoem· (1. 0. 330 ooo 11111111 unguine 0111111 110
1111111111111 11. 3. 030 11111111 11111 3. 107
Ι, 0οῘοὓ ²· m 'm Eo ⁶· Π ΑΒ· ⁰· m um m·
11111111 οὴ110111 11. 713 · 1111111111· 0101
11111 G. 1. 100 dnh! 3.“ 000 mn G. 1. 11 131 1111111111 1. 110
n 11.1. 130 w· 01011111· 11111 infundere 11111111 1. 000 mgni·
11111 1017011101· enm. ooo· 11. 11. 000
„commo 11111 ·· · 111. 1. 1111. 1111. 111
11111 511111111011111. 01 m 1011 11. 11. 00
11111 G. 1. 110 111111 11. 1. 131
. ...11. 11. 1. 11 opor 1. 1. rouro 1 111
“ 111111. 111

1111111 11. 7. 000 1111111,11111.[111.,1.111 3. 3371111
111111 ono· 11111, do· 11. 10. 71 11111111111111111. 1. 700. ungo-:pin
111111 11111 11. 0. 110 11111111 111111 11. 1. 30 11111 0. 37 rma nor·
01 “ 11111111 11. 7. 001

111111ᾱί11111 11110. 110 11111, sen. 111, 1111111 1. 100 mor.
1111 Ε. 0. 00 ph, 1111 011111 3. 711
1111111111. 0. 371 111111 geon 11. 100
11111110. 010 rosei· 111111 qna-origi· 0. 1131111111
. 1. 111 11. 1. 111 ugo 1. 11
,11111111 11111 Primo 1. 711 11111111 11. 1. 003 3. 1 ο
molto nuper 11111 10. m 1111111 Ε. 0.,17
11111 11111 111111. 303 111111 11111111 11. 11. 013

. 010 11. 100 mm 7. 1810. 301

117

 

