111111 11

1111111111 metuque 11. 1. 11171
1111113 6· 1711 lanio 1111111111Ρῦ
11. 1211111111111111111 11. 197 1
[1111111111 [11111111 11111 7. 11
[1111111111111111111 [1111111111 11. 1127
[1111111111 [11111111 11111 G· 1. 2911111111
11. 3112
percussa, nom. sem., 1111111 1111111111·
1. 13 manu [1111111 1. 11119 [1111111ιὲ
1111117. 1103, uem. [11111. , 1111
11111111 Ε. 11. 113
[1111111111[1111ο1ι matres ,11. 11. 1171
[1111111111 [1111111 manu 12. 11111
[1111111111 quem 111111 111817. 199
[11111111111111 7. 1101, me occider.
111. 11711
[111111111111 111111. 1 191
ρ11111,1[11111111111111 [111111 11. 11. 111
[1111111. nom. sem„ 11111111 E· &1
1115111 11111 [1111111 ,11. 1. 1111
1111111111,1[ο imprudens ‚ E. 2 1111
[1111111111 vaccae 11 11111111, taurum
[1111111111 111 quo discordia cives E. 1. “.
11111 corpus, ambrosiae odore. G.
[1111111 nune 111. 10117
[1111111 quos amor 1111111 1111111. 122
[1111111111 dederat cursum 1111111111
11113 omnia 11111111 mecum 11111 11, 11
[111-1111111111 ⁸. ³62

[1111111111 ferrugine 1111111 1111111 1

772

[1111111111 1111111 19. 3111

[1111111111 osu atquo 11111111 1111111111
11. 787

[1111111111 111 1111111111 9. 151 11111
111111 11. 110

[1111111[111111111 [11131111 1. 301 1111111
11 11. 111. 113311. 177

[111111η111111 indign& 1111111111. 1111

perennis 11111111. 70

[111111 11111111111111111111 3. 11011

[11111111 tolum 11111111111111111111111 1 :2⁴3
1111 11111111 11. 111, eam, 11111111 111

[1111111 malum 7. 11711 circuitum 11
7110 ’

[111111111111111111. 1. 02

[11111111ρ1111 11. 2. 201

[111111 1111111 1111111111. ³. 101

[1111111111 Hypanisque Dymasque 2. 1211

[11-1·11111, nom. sem„ candenti 11111111 111
[11111111111111, portae Somm', 11, 811
111 discordia 11111 1111117. 11111, 111-1111
plum, 1111 dum 1111111111, 11. 11. 2.
1[111111111[[1111111. 12117 111 muns:
111 11. 612 [1111111 argento 11. 211911
111111 1113111111, arma, ⁹. 337

 

