700 . 1 Η
enula 0. 00 ·
aulen 12. 113

0101υηί1 3. 553 Ι
(1702200321οΜ 1500115188Ι

8. 218
. &nri G. 3. 350
caurum 3. 278
’ cnm E. 1. 27 3. 10211. 1. 532 Λα.
1. 285 3. 581 1 170200 550.
031587. 107 182 0. 210 37010.
00 11. 1782503οί 180
mune 1. 20 7. 553
uuum G. 1. 301 Ae. 12. 507 000
amando E. 0. 50
mma: (1.1. 100 3. 110 ,11. 1. 12118
2. 105 3321 51 0. 788 0188710
810 8. 305 0. 210
nutes 8. 531000 5. 103 205 0. 171
autibus Ae. 1. 300
munus 11. 153
ouum 1. 85 10. 781
cmm 0. 1. ³88
oecidssre ,10. 3. 200 0. 33 10. 170 11. 1
077
oeciderunl Ε. 0. 58 G. 1. 187
cecidisse Ae. 11 108 310 080 808
oecidi! 0. 3. 188 1. 103 ,11. 1. 13832 1
1801011017. 1. 378
cecinerunt Ae. 5. 521
oecini G. 1. 500
oeeinil Ae. 8. 310
8001111181). 10. 70
&tropis 0. t 177
&cupida Ae. 0. 21
Cmopiunque 0. 1. 270
edam Ε. 10. 00 ,11. 3. 188
ω1117. 3320. 81511. 30012. 17
«1051070. 057. 530
cedebant 10. 750
edebat 10. 705
oede· G. 2. 218

ssssssssflflezfflae—‚nnnn

eedem 12 321

edenti· 3. 100 11. 720

ceam G. 1. 81 Ae. 1001712. 117

etde! E. 1. 38 8170012. 185

adit Ε. 5. 10 Ae. 3. 181 0. 221 0.
22010358

edu 0. m

cudo 2. 701 12. 818

(01110 7. 178

edm 0. 2. 113

«111010311111. 7. 13 11. 137

cedunt 3. 117 7. 077

Celaeno 3. 211 215 305 703

0011010. 113

oelmt sjfln's fldem 10. 117

celare a tenebris 0. 125

-833 8

985282383

 

