881 Ι 141

4114, 8 184 dun, 4144 444441, 18. ss
baini 89 798
trepido mih· 1. 788 cum 4. 8791444411·
1444ιί4144, 1444444, 41 Euryalum 9. m

4444419. 888

...piam 4. 444 a. 444 7. 444

144411 8. 488 444. 1. 119 4888. 989
8 808 889779 8. 888 484 8·- m!
884 9. 899 48. 889 884 49 844

1444 G. 4 488 Ae. 4. 441 8. 491

1448414444 G· 4 484

1448414444 4. 188 8. 888

4411441487411. 8. 499

tricorporis 4444414444 Ae. 8. 989

1441441444 4. 149

tridenti G. 1. 48 AE. 4. 449 9. 418849

tridentibus 4441444 8. 448 8. 898

1444144444 Bacchi Orgia 4444444418. 889

144444444 14444141144144448. 447

triginta ,44 4. 978 8. 8918. 44

1441444444 14444444 auro 8. 4877. 489

Trinacria, nom. sem, 1411444 8. 884 “
4141144 8. 488, 414, 444414 8. 884 44·
14414 8. 448 1

Trinacriae 4444441444 8. 888 Ι

Trinacriam 4444444444 8. 889 , Ι

Trinacrii Pachyni 8. 499 4444444448. 888 1
viri 8. 888

Trinacriis equis 5. 878 4

Trinacrio 1414441 988 4
74444444 4. 848 8. 818 ’ 1
Trioni. septem uubjectn Trioni, per 1444· 14
444, G. 8. 881 T
triplex gens Ae. 18. 984 ’1
4414114444. 8. 78 ,44. 8. 449 8. 848 7.
788 8. 744 48. 784 ’1
tripoda· 8. 888

tripode· 8. 448

14441414444444144414411. ³· 88 44444 Ae. T
2. 184 augurium 8. 7 ministerium 8.

’“ 998 4444144444 ’1. 888 4441411 9. 989 T
1444444444 sidua 44. 989

trintum pugnam 8. 444

1444444 4444 E. 9. 14 444. 8. 888 ’444444
G· 8. 881 ruina 44. 4. 914 domos T
7. 884 44441447. 817 'voces 41. 884
144414 44444444 G. 8. 448 morbo 4. 989
444414 Ae. 8. 188 888 8. 899 444848.
488 bella 7. 8488. 981444 8. 497
tempore 14. 470 morto 41. 889 4441- T
44444 44444144 49. 488 · Ι
1444144 beu· 11. 8. 7 44414414414144 G. 4.
947 funera 4. 98884414 Ao· 9. 448
18. 819 44414 9. 848 dont 8. 881 Tar·
1444 4. 948 nonni· 8. 848 ,

144;1.44444441’18. 4. 488 {lamnis 44. 7. T

 

