1’0111111110113111 331

333133 concha G. 3. 313 3133333 nub 1333 3313 11. 311 ,
lenti· terig- 1333311 1. 13 313331 ‘froja 1. 3313733333 immi· 11173

6731133 7333303 7333 1. 31 313331 333333331031330333 11. 1. ”qun
113 Ao. 3. m 13. 3. 333
uu 3. 707 313113 nguine 0. 3. 313 1331333 33113
:un 3. 33 1. 100 lacrymam 1. 333 3333 33333·
m, 33373. plur„ terga 0. 3113 113 in 1333313 13. 1. 330 13331· 33133
7. 1. 113 3. 333 33333733 33333 1. 730 3337333
:Jss'afft‘n‘i'ff'off‘sse‘f‘a 733 ¹1. 13173113301301113111073
m 733 771 ⁴ 171333 3333 3. 11133313 33 33333 3. 331
m 33333 3. 103 133333 3. 133 3333331333 dies 10. 137
ml 13. 3. 3137. 373 3. 331 33313333 10. 771 33333333 33313311.
31 33333 incolumis 1. 33 33313 silex 317 1733 Jupiter 13. 3333331333 w
133 333 13333133. 333 in 33333 3. num 11333313733333333333· 1313
73331373. 73337, Aemo. ote. . 73. m Ι
1. 333 1333173313 Enete 13. 771 31313331 13. 3 373
7111313333 numine 3333373133 Parcae 373113 G. 1. 3 311 13. 1. 13 3. 133
3. 37 manubia jonam 131771 31371333 3. 13311110. 337
Ι 313113, quid 3133137 11. 323
Ι 33 memore 1313 B. 7. 31 31313333 vero. tibi 1333 33313333 Ε. 3. 33
num 1713333 33 33333 G. 34 303 iners juvencum 3313 3333 13. 3. 337
mr 3. 13 31313331 tumulum 3. 3110
313 E· 3. 30 0. 3. 113 333 13. 3. 31313333 molem 3333133331333313. 300
’0 3. 303 30. 773 efficiam 3. 333
31331 centauri 13 13371337. 333 3131333 quae, 7333313, 3. 133
31333 331 1331133133 0. 3. 133 373731 urbem 3. 333
3113. 333 13. 7. 331 3131313 submittere, 313. 0. 3 73
tlh Ε. 3. 30 3. 33 0. 1. 333 331 31313333 3373333 33 33 13. 11. 301
m 331 307333 w 3. 33 303 statuit 0. 1. 330 133. 373 33. W
Π Ae· ². 300 8. 307 2¹8 0. 000 statuo urbem 3. 377
113 0· 0. 133 313133 quis 333311 butio 33117103 13. 7. 33
777710· 03 11. 10· 333 3731333133313333 1. 7137 117
13 0. 3. 333 330 3. 13. 111737. 313113 0. 3. 313 333 13. 3. 303
333 330 7. 130 10. 733 31133 3131133113333117. 310
1 777 333.. 3. ¹. 333 Α.. 3. 73 3. 37
133133731333113731331111373 0. 1. 313133131333133 33313 1. 131
Ι 3131Ιί3 ignotus G· 3. 333
untia 31331 13. 3. 0oe 3131113 1. 137 303 13. 3. 311 3. 33 3.
77 7· ⁸⁸ 7⁰7 1¹. 333
3⁸¹0· ίὲ 000ιι &³³³ 717· 00· 100 sterilem 3333333 0. 1. 70 3333337 13. 3.
373 . 25¹
10 · 000 017711ὶῶ77777 G· ³· 300 31331133 plur. 3373. 333333 Ε. 3. 37 0.
ww 17· 7· 777 31770 ¹⁰· 777 3. 333 phuni 3. 33 omi 3. m 37.

13113713. 73 3533733331 {affluo Μ’ ψ G' ι’ u Ao.

m 3. 333 7. 3333. 33333307 mens, mor, 3. 3. 33 “
m 3. 333 0. 313 30. 133 333 307 3133333313 eqni 13. 31. 333
3. 133 Φ3311333 333 333333 31333 13. 3133333333 campi· 11. 371

333 371333 puppo· 3. 311 1. 303 313333 ndu 7. 113 3333333313 11133
113 333773 7. 333 3333317 3. 371 3133333333 3331 133 letho 1. 333
311333733 nn 3333313111 13. 3. 310 3733333133 agnino 31333 10. 333
nm pro turribus 13373 3. 373 71333333 hunum 0. 3. 133 13333 13. 7.
Ι 3313133ι 3. 333 33133333 31333 10. 333 omen 30·
he? 333371 qm. 0. 3..33 333133 7333331333 11. 37 333311 adnm 11.
131 aba. 13. 7. 373 frosm 3. 330 131 quem 1331333 13. 313
3331 nupia 3333113313· puli· 133· 3133733331 aequor oquin 3. 33 Camilli·
ι 10. 133 3313333 culn 33. 103 11. 733

 

