1000111110111131 080

G. 1. 10 10. 1. 737 11. 00000107. 170111
veneno G. 1. 100 00. 1. 001171117.
1. 173 0. 1711771. 087 301 0. 773 10. 110, 0010001000 pro
1100. 301 7, 7 10 118 auore 0000000100 01001 000110.
venenum duri 000110 0. 1. 378 inspicant
0 00. 1031. 111 1887. monibus 1. 1311
,071 ’ venerabar Nmshas Ae. 3. 31 templa
0 1. 118 noi 3. 01
18 101. 010 0. 701 0. venerabere Eurydicen 0110110. 1. 017
0 11000 00110 ,10. 7. 007
10 10. 1. 1011. 111303 0000001000ιο 0. 1080300011. 707
veneramur 0000 , Puteum. 0. 1. 301
1001Ιὶ010 -urbem 10. 3. 70 numina loci
110 1. 11 (1.1. 33011. 1. 3. 0117
380 001 1. 331 veneranda 00100 0. 3. 101
tigano. 1. 108 pom venerande puer 10. 0. 170
vallum 0. 000 spiculum. 00000000 suppliciter mm 11. 110
1. 10 venerato 11000 (1.1 338 0000000 1. 030
100 7. 00 0000001 101. 3130 10710710
110 “ 000000000000100.0000100110, 3. 100
0000001000000100110 vome 0. 710
vendre 0. 10. 1110. 1. 113 Ac. 1. 331
1]011110011.0.1001001011· 0. 103 101 101 8. 310
180 magno pondero 00· Venerem 0. 1. 310 3. 01 07 137 110
1000101111. 001 1. 1113 ,101 01000011. 730 ’
0010318 veneri 11. 3. 08 7. 01 00. 0. 700 7.
1. 101 3113. 133
00110 Opia 11. 031 1100001011. 8.78 10. 1. m 1. 7873.
1. 701) 173 1. 33 0. ι10 7. 00010. 133
centulo· 0. 3. 100 000000 venerit 10 007
veui 000 0. 1. 7 11000 1010011000 ,10. 1.
11. 1. 000 330 supplex 00 1100100 8. 110 00000
00 01101 101000 001, sm 000 00000ομ0108. 300 000 010 nd
. 1. 171 0001010. 001 000 00010101 1010010·
!8 010001 locum 11. 111000000100011.
1110. 0. 111 830
0001011. 107
mgni} ³ ⁴¹⁰ venam, 0001.. quocumque 0000010 E. 3.
*use · . .
Ε. 10. 00 venium, 001000, 0. 1. 03010. 1013
1. 1310. 003 3. 1111. 00130 11. 101308
fv· 3. 100 000100100111000 000100 0110110001·
,0 7103 Ι 110 ,10. 7. 00100101 0001011. 011
00 0. 0111 0010000 11. 0 venias 0. 1.10 Ae. 0. 380
1000100110. 10 «stringit 00010111. 3. 880. 1. 3700001003
7 0001000111. 1.10.1 180
18 11. 701 veniemus E. 1. 00 0. 01 110. 1. 710
us, 1. 313 100 0. 170 0οι veniendi 1. 118 0. 188
10 venien· 000110· 11. 8. 17 C 110010 proles
000101 10. 7. 717 0. 000 01 Α110010,10.1 111811ωο0000 vir·
111 100 0. 311 oe 1000001110 gente Amj·
000011. 117 01,110100,0. 373 001 7. 118 imber .
1 ab 000000 0. 001 101010 «latona 1000
0000011811 ,10. 0. 7101101100 Marsorum 1000ιί-
[01010100. 011 000 10. 01110000 Phrygum 11. 110
000 1. 130 0001001 potum 1000001117. 11 01000010
1110. 0. 011 11. 807 1000008 18 0001001100 10. 011

70

 

