111 1111

11111011 nula ,11. 1. 1111111111. u
olore 111111 verbaque 1. 1 1111711111,
m 011001 11111111 10. 101 Ε
1111117. 111 11. 700 11
1111111 curru resupinus 1. 100 obtutu
0111111 in 11111 1 10001111111011· 11
11111, 1. 711111 11111111. 0111111τί '
1111110171 scopulis 1. 110 hie 111· h
miuus 1, 011 uolo immobilis 7. 110 ΙΙΙ
deutrum complexum 0. 100 podo pu Ι
10101 1111111111... 1ιιρετιωυιιι· 11
bens 10. 711 lacrymans 11. 10011111, 11
11111111. 701

lauaem Evandro 10. 710

1111011110» animi· 0. 011 tergo 11·
gnua 11. 111 11

haeserunt wis, 11111111, G. 1. 111 111

laesit vox 1111111111 11. 1. 771 1111. 111
110 11. 00011τ1111ω111π11111. 107 111
111110. 11111 guum 11111111 7. 011 Ιιι·
111111 11111111. 110 ,1111110111 111
mnu 1111111111 ,1111011311 11. 100 11
1113111111 11. 701 111111 nub pnpssim Ιιε
11. 001 1100111111 111-111111 11. 001

1111111111111111 1. 111 111

1111111101111111 horti G. 1. 100 111

halcyonem 1. 111 111

1111110111, me, 11111111 Thetidi 1. 100 111

nau-⁵, 11111. 1111, 11. 10. 111

Halesum 10. 117

11111111 7. 71110. 101 111 111

1111111111οο. 707

ωωο1ωμιω1ω

1111110. 700

Hamadryades B. 10. 01

hui· Ae. 1. 117 0. 110

nen-pulice, Anam. 1.111

111111Ιὶ1111 11 171

Harpyia (11111111 1. 100

1111111110. 111 m

Harpyias 1. 110

1111111. 101 1000011117 0. 111 070 111
010 710 10. 110 011 0110700111 111

““700 077 111110717101011101 111
170 111101 017 711011 111

1111110 0.Ι 001 10. 107 77111. 000 007 111

1111111 1. 00 170 0. 010 0. 711 10130 111·
301 001 11. 01 181000 007 707 11. 111

Ι01100 101 · “ 111

1111011110.01.10.7.0000.70010.110
710 11. 00011. 100 0110

humo 0. 111 10. 701 11. 001 lte!
111111Ιί1 G. 1. 001 Ae. 1. 117 1. 17 0. 111

10711. 110 11. 100 ’100 ’ 111
1111011111 G. 2 117 11. 0. 11 11.,101 111
buti· G. 1. 111 11111011011110. 1
’ 170 11. 101 71111. 711 het

 

