¹ vocumuuuuu ’ 111

011111111111110 7101111111· quadrijuguscurruu (1.0 10
ur uum, G. 1. 001 1110111111111. 017110
1111101111111111 111111 Ae quadrulwduulc 10111110. 000 .
quadrupedantum pectora 11. 011
ugit, 111111, (1.1. 107 quudrupudumquu 11. 711
111 Aa. 0. 710 1111111101 0. 011
0. 100 11. 710 uultu 0 101 quadrupedumque 11. 070
1011111111 met dieu 10 011 1111111011 11. 0. 10 Au ι0000101101
017 , quoecumque G. 1010 Ae. 1. 001 011
*nedum ignara 0. 001 1. 770. 110 001 11. 1111 10011 110
,000 · 101
01 quau 110 cunque 1. 011
11 quaedam, quasdam rou, 0. 1. 100
1.10 quuuquu 11. 7. 01 G. 1. 01 1. 110, ,11. 1.
111 ego, 11111 1.10 W
1111 eruor G. 1.100 1111111 quau 1111 1100 1. 100
0. 100 quaerut uib 1111111 11. 11. 110
0. 010 (1111111111 conjux 1111111 11. 00
1. 11 1111111· prim 11. 1110. 1. 171 1111111
07. 701 , 11. 1. 1010111110011111111111
,1.101 1111111111 11111111011110. 001
u 1. 101 quaerebant in medium 111. 117
upum Ao 11. 00011. 070 1111111101, 111111. 11111.,1111 11. 0. 107
1 G. 1. 110 110111 1. 00011111 1111 urm 11. 100
1111111111 reditus unguine 1. 1101111111
1. 101 11101111. 000
u 1. 11 ’ quomado bucula 11111,111. E. 0, 00
,11111, mgnum. ' quaerum ubrumpvru 11111111. 1. 001
1. 001 te 10. 010
0. 110 quamnam 1111 1107011111 11117.
101 0110 “ 110, Mun, 1111111 signu 111 11110 .
1110 101 111111111ωο 111
101 'quaerenti 1. 071 1. 771
010 *quaerentibus 1111111 horu· 11. 1 171
,0,11 'querere , inquirere, 01. 1 011 urm
. 1. 0101. 100 1. 0011111111θο 111111 11111011.
1101111111. 0. 010 1113111111111.0007311110111111
,100 101 1110017001 11111 1. 100 7101111 000111111111
· 11111111101101111110111111111110 1.
Q quaerut 1111111111 gurgite ,11. 0. 011
quaeretur 111111 uiuo 11· uuus 111111 glo·
»10 , 11 11, 11111. 11111 pm· 1110170
uu. quaerimus 11 111111111110. 101
111011111111111111 quaeris uuo qui 1111 11. 1. 10
tum 0. 011 11 10 qumis 10111111 Au. 1. 77 1111111111

11011 10001001. 1100 1111111111 0.01111ρο1111117 001
’ 1011111 pauiu 0. 00 1111111 10 101

1001111. 1100 11 111ωᾶ11101ιά-εοί1110. 1001111· '

que 01. 11. 701 11. 100011 1111 11111110.ωο

1111. 170 querit 7111111 0. 007

n quercum 11 7. 000 11111101 quun 1. 000 .

1101101 11 1111111110. 1. 000 11. 1. 010 0. ³¹⁸
0. 1. 0110. 100111. ¹. 011 11 re 1111 buum 7. 101 Ι

0. 000 1111111110111 1. 001 nun 11110 111101
. :qu 10. 071 11. 100

curru 11. 101 quaerunt pultium 0101111111 111111

 

