1011111990111111 777

19111,ρ11191’1111,9. ¹. 179 Qui· Cnpuo, 19111111 vid, 19. 1119
, eum qua, 119. 11. 829 capt-ntum, 11911111 9111, 19. 999
ea 81111119 9. 98 cuperem 9. 810 10. 119
mm 9111991 3. 111 1119199111. 9. 7-99911189. 8. 19
1 9919111111, Sibyllini, E. 1.1 cupidine 1. 1917. 189 9. 391 10. 99
919 Ae. 9. 2 cupido 1939991119. ¹. 97111991191199·
1111 1119191119 ,19.8. 98112919 pido nequi 1119. Ae. 2. 919 1991191119. ’“
11, eum, 9199111991 9. 992 9119119 199 9. 829 11 11919 911 cupido 11111119
1 11. 90 19991 8116191 9199111119 hacc 11111 1991
11919, 1191 (9919111919 morte 19119· 1119 cupido, 119111191111119. 979 19911
111. 199 . 979111911111119919 cupido 111 7.
1 9199191111 aqpuqmoaegh 109911· mnu 11111 cuique 0919 111 cupido? 9.
9 urens: 1111111 .
11191199 . 1. 109 · Cupido, 111111. 192 999
111 Ε. 129 apum, 11. 1. 09 geu· ουρ1191191111911,9. 192
11. 11. 109 9911191119. 7118
‚s· 111. 19199111. 1. 919 9911911 199919193991 019912. 108
3. 993 9111991111, (1· 2· 12 11. 9911199. 717
19. 2. 77 970 9999. 9111919998 99111111. 9991191991
98 8. 19 199 11. 91911. 211 19. 9111111111 9. 733
172 99919191,ρ111. Ε. 1. 29
‚mulierem 19. 9. 911 volucres cupresso 9199 ,19. 9111
291 9119111111 9. 219-99919119111 G. 1. 20
9 ςυ91911111. 9. 197 111111. 19. cupreum 119. 9. 711

cur Ε. 91 19. 9119 2. 2891. 128
19 9. 819 1911 11. 1231211199 12. 911 879
11919 1. 199 990 9211911911 cura, 11911911. peculii 11. 99 Corydonis 7.
12. 910 1011999111. ¹. 9. 9911911 2. 119 pn·
111 glebas G. 9. 999 ministros 9. 11919 et 1911191119 1989119119191

199191 Ae· 10. 991 1111111919.1. 999 juris 19919191 7. ·

11 5. 89912. 010 102 mei 8. 999 1191911111 12. 999 99-
111191 G. 1. 107 · 19191111119.1.111 1199 1111111111
191 111 aedibus 1. 2119 9911 mederi 8. 9. 9091991199919 199·
11 991911 19. 9. 121 19 9191191 191 G. 1. 92 penum 1119919191 708
s 10. 71119919 19. 819 911991999991 9. 9111 19191119 tueri 7.
usur. 1. 9992 10119109 199 119 obsidere 9911919. 190 119 91111
5. 99 70 277 989 7. 989 8109 9911191918.1.98 1119 9919111ω11110.
19. 99 11. 911 711 22 ipse 11111199 1119911111 991911. 1191
1. 922 999 2. 228 9. 97 9. 211 puer 1999 91191199 91119111.1.98119919
19 8. 199 19. 929 11111919111911111111111 mihi 9919
1. 980 191 9. 801 9919 19 1119199 1111191191 G.
11911111 fragor ¹. 199 911111 19119· 9. 199 19191191 abrumpit 9. 990 199191
1. 997 1119199. 999 “remordet ,19. 1. 219
11111111111111111111911111111911191, 199919911999 91 me· 9919 raim
199 9. 999 99911111 1991911111199 quietem
[11111111. 1. 11127919. 9. 1. 9 10. 2179119191 1911111191 1. 379
1. 109 9111119111, 12. 197 nec me 9199 9919191911119.-90111919·
91911911111111111191119, (1.2. rem 9919 11911191 117117 milio 11911
Ae· 9. 991 19999 cun G. 1. 219 111 11199919 1111
19919919199111191111111111191· cur· 99199111 Ae. 1. 1110 quo 991111
cunei, 12. 979 tibi 91119 11911111 2. 9119 9199911 9991191.
, quae uacunque 1999111 191199 999919 11999191 9. 9011 11 991 911 en·
,1 quo 19 cumque 19991 119919 11· cura 10 828 -
. 71999119999991111111111911. 9911, 11111. G. 9. 220 90989. 1. 17.
'ui 19 cunque 1199119919112.91 187
cs cunque 991991 2. 70912209 cum, yenit. G. 1. 289 19. 9. 709 8.
991919199191 19919 1111991919. 191
· 91199, 111. 1111999919111189. 911111

 

