“ 1001000100 111

. 000 1011111 Jupiter 0. 070 0011110100010113. 000 1010111110.οω
01 nagida 8. 030 mini 11010111 10. 007 aggere 11. 300
10 1111111111 nonina 0. 000 0011111001 111011 11. 03 ,
11011111 11. 3. 071 11011110001013. 107
hp·- 1. 111 100. 1. 0111. 110 011 ¹1. 1101. 10
0111111010 11. 001 10. 00 300 11. 300 10. 300 003
»01111000 073 00101111 0. 00 1101110010,Το11101100 11001001, 7. 073
:. 000 703 3. 0010. 00011110· 1100, 10111111. 1011110110 1111011οή mm.
¹.. 301 1100 1000003110 01101111 0. 0. 107101-
11100111 001011 0. 000 1001 000101 10. 0. 303 vem! 101001
egen 1111111 0. 0. 100 0. 003 animum 0000 0100 0011001110ᾱο
· tari 10. 0. ’00 Meri 3. 000 inne 0. 00 1100 011 rombus 01 111010.
1, 1μὲ ,ἔξω Ἧι, οΔ10,0 m 103οΔ11111ιίιό motans 1100, nunc 1100101011-
110011 , nun 0. . 0 . .
vitulae, 111101, 0. 3· 100 0001011110. 0. 100
1011011111 Mida 00. 0. 000 11010111οἱ sobmon 10 10. 003
umus, 111111, 1110001101101 10. 1001010103. doro 1001001 11. 1
humandum corpu· 0. 101
duci 10111 nun» 0. 33 uu 111 humanis 0110111110. 0. 07010011 11. 10.
1001010 3. 100 111110.177,10· 100 opibus 11. 007
0. 100 0. 100 0110101 11. 13 1100111101 11110101 3. 000
3ηο1η71τ311131011. (3210. 100 3333333033301111300. 0. 1000010101
0111101 11. 7. 710 1011011 10. 1. 000 gutli· 11. 00
7. 00 humentem· 1111111101 3. 0000. 7
sutem 11. 3.130 hument· blora 7. 703
. 0. 110 humanibus umbris 0. 301
um« Ae· 0· 3ο m ⁵· “a humeri 3111 ⁴7⁶ 710 Μῧ
w 1. 737 1. 30311. 1311300330 1101110111 G. 1. 303 0. 017 AE 1. 3000.
m. sen. 011011τί1 aad· G. 3. 010 330 700 0. 0113 000000 0. 000
111]οι Ae· 0. 03 m. 11110 3 330 303 101 003 0. 111 301 000 0. 1311
pour. αφ... 1. 111 0. 101111 10. 110 011 101 11. 111
1. 070 10 003 11. 110 77007010. 03 701 001
1 1. ’113 11. 100 humero 0. 3.7 AE. 1. 303 0. 0003. 0331
tino 0111111 pm 0. 3. 303 10· 0. 737 0. 137 731 0. 303 733 10. 301
11101, erbo· 1. u , 703 11. 373 030 010 10. 1111
10. 1. 303 000 3. 03 1. 01 7. humero· 0. 3. 037 111. 1. 003 0. 701 0.
301 11. 103 00113. 133 370 37 000 013 0. 030
11 “ 0. ³⁴⁸ 8010000300- 031 11. 073 10. 003
10 ‚ 0000100001001011111000110 100υο010101οϋ
13. 10017. 10110. 100 G. 3. 111
3. 30 11σῖ 1. 300 0. 300 001 humi Ε. 3. 00 10. 1. 107 0. 330 3. 70
1 3. 0300. 1111017013011. 0111 0. 003 0. 030 10. 030 007 11..
1. 0. 70 AE. 0. 000 000 0. 001 00111111. musta. terrm. 0. 031 gu
0 330 7. 100 0. 000 0. 00 ponii 0. 030 not ,10. 3. 0 3. 1033.
1 000 700 10. 00 7711101030 730 033 11. 001, 110301, 0. 00300111.
= 301 001 301 330 703 11. 033 pbr. 1011111110 1. 1001101 1 1001011
77 003 001 017 1. 373 11013. 300 regn: 0. 303 nella
10. 03 0. 3. 100 Ae· 0. 03 m. 0001111110. 3001113111 10070-
77 011 007 010 3. 003 0. 300 humidus 0010111 Jupiter, 001, 0. 1. 013
10 010 331700 10. 370373 030 1101101. 1. 001
1. 307 30010. 000000 000 001 boniba 11111101 Ao. 3. 000
10 000 000 110111 0. 000 0. 013 1111011101, nom· plur. 1111ῐί010 F.. 0. 030·
1. 3030. 000 10. 1. 330 0. nisu·- 0. 0. 030 jamque 0001111111·
Ι. 700 que 01111 1111011101 per 1011 ferri ‚ ju·
3. 3. 013 10. 0. 000 030 10. venes, 3. 100 aco· 01111 01- 1. 0001·

13 10 330 11110. 0. 013

 

