1061161111111611 666

161 id 1111111116. m 6661. 166 17611. 66 m 666 667 6.
>n 11111161 11181116. 16. 66 111111 666 7. 667 6. 166 16. 111
111111, 116. 116. 1. 616 116 166 177 666 766 11111 11. ¹28
111. 111 111 11. 11111 111111 111 111 inquo
1111111116 1 6761111111111611· 11611111111111116.166
. 66 6311111161. 6. 116 11111111 G. 6. 661 Ao. 1. 166 6. 666
11 11. 6. 1611111116. 1 111111 Ι767 6. 711 6. 666 6111161 6. 666
1161111116. 666 1111116111 Ae. 11. 666
’1111111 7. 766 6111181116. 666 1111 G· 1. 66 1166. 177 111. 6. 667
6. 161 766 6. 666 1.1116.7661. 11611111-
6611111111. 1. 671111· 11111511 refugitque 1111 16. 766
1111111111111111. 661 6111111616 111 6. 676 16. 666
611 1161111666 11. 666
111 torpore 111 6. 1. 111 11111111ιί gladio 6. 76611111 16. 161 “
1111111 Ae. 2. 616 116111116111111311116. 611
1111111111. 1.176 parentum 116111116111111111116. 166
6 676 6. 116 regum 1. 1111 111111111111111111111111 11. 6. 661
616166661111111116161 1111111111 Ε. 1. 66
6. 667 766 11. 666 mrum 1161 111. 6. 666
*eorum 6. 1676. 766 61111· vicem G. 6. 1661. 166
67 11111 16111111 61111611 61. 1. 166161·
16. 617 111111 volvitque 6. 676 11111116. 6.·11
11111111 6. 666 mian! 6. 16111111116.176 1111111
6111111111ι 16. 6 6. m
11111111 11. 666 vici 11111111 11. 166
1. 16 111111 G. 1. 76
religio G· 1. 176 1111111111 1. 667
1 111. 6. 661 16. 666 vicina 111111. jem, Cremonae 1111111116.
1111116661 16. 666 6. 16 1111151 11111116 6. 661 11·
6. 116 16. m ¹². 666 pn 1. 66111111 11111161. 6. 766, 1111111.
1 111. 6 616. 176 du 111111 plur„ 1111 166666111111116. 666
1111111111111 6. 1. 616 ripae 61. 666
11111111 1. 716 16111111111111 11. 6. 66
116. 6. 76 sicini pecori· contagia 6. 1. 61
1 et 1111111 61. 1. 611 11111111 venui· 6. 1. 666
111111111611111 6111111111 vicino ab limite upon E· 1. 61
vicinosque portu· 11. 6. 661

11111 ,11. 6. 666,111611, Nep- 1161111 dolo 11. 716
11111 11111 11111111 7. 61111 1111111116666. 6611. 1. 66 6. 667
1111111117. 1666111111111111 11. 6. 661 7. 166 11. 166 16. 166
11117. 661 1111111 16. 666

66 61661616611 11111 11111111 1111111 1. 166 1111 piem
11 7. 866 6. 668

12. 166 vicu, 111111. sm, pulvere 1111111). 1.
66. 1766. 167 666 1. 666 16611111 1111111111, 1111661111, Ae·
1. 116761. 161 1616. 66 7. 1161311611,1111111“116111111,7. 161
1. 611 666 6, 6166. 616 1111191111, 6115111111 11. 166 geum
16 666 761 717 11. 711 12. 8. 766 , ι

66 766 616 vicum 111 , lunonem, 1. 11 me 61116·
. 66 66 61 11. 1. 666 6. 1111116161. Pristin, 6. 166

. 6 166 111. 1. 166 6. 161 vicl· 111 ’111111 6. 171

116 161 6666117667 216 vicli Ε. 11. 11111. 16. 7117 11. 667 16.
176 676 11. 116 161 61 666 ‹
2111. 2. 76616. 167 1111111116. 1. 6111. 2. 117 16. 666

1161. 1. 6611 6. 6611666 vietis Ae. 1. 666 6. 661 667 1661. ·

111 11111111. 111 111 1111 11. 111 11. m Argia
1111. 11 111 111111 1.. 1. 1. 111 11111111... 111111
111. 1111. 1111111111111.111,η11,1.1.111

 

