1011111110111111 008

111-1111111111. 179 ’11111111 11111 1113111111 111111 111·
..1111111 11111.1111.11,11.1.111 :-
ι 1118111111181111 111 0111111111111111111 11 1
1111111111 1. 710 1111111111, 11111,1. 1071111111 11-
z 11111111 1. 001 poterin 1111- hen 111111 tanen 1. 810 1111110. 881
0111 dominum 11. 800 1118111111... 11. 7101111111111
10111111 aequore [erga G. 1. 9. Jupiter 11. 710

1. 111 (111111 11111 11. 27 111111111111111 ρ1111111111,8.708111111
11 11111. 111 131111. 710 8. 11111111 10. 700

1 1111111118. 111 111111111 11111111111111111111 0. 771

100 spe· 1111 10. 010111 1111- 11111111111111 1111111 0. 117

1111111111 11. 7081111111 108 sustuleris 11111111 11111 1. 71

¹2. 100 11111111 11 arbon 2. 17 111 110111 palma .

111111. W„ don 2 88 um Αο. 2. 110 9. 17 le 1111 por what
peribus 111111. 117 111111 in oum
1011101111ιί11 1. 07 1. 8011111111 111 0111111111111118. 70
ibi 1111 1111111. 1. 118 1111 11111111 9. 1111111111 1111111·
11111 111111 AE. 9. 110 111311 9. 101 1111Ιί 1111111111110. 010
111 Olympum 11111 9. 170 enini 1111111111 11. 111
hirundo uidua G. 1. 007 1111111111 11111111, apen. 0. 1. 080
1111111111111111111. 1001 1111111111111111111111111111. 1. 1111
111111, tellurem. 1. (1.1811. 1111 11111111111111110. 1. 0011111
111111 11111 81. 11. 710 Ae· 10. 310
111111 [11111 Quirino 1 810 11011111811. 111 11111111 10. 170
tique 111111 E. 8. 108 suun terga 1. 130
111111 1111111. 1. 11111 11111 1111 11. 71
m 11. 1. 111 men 1111111. 811111 luem G· ³v 110
11111 11111111 11. 171 111111 11111, noun.. 1. 1111. 17 101 0. 181
1. 111 111. 1. 081 1. 1117. 17711 811111.
1111111111 111180. 08011· G. 1. 181 1111111. 1. 0111101
1, 1. 111 1. 111 1. 111 11.·111 11. 111
1οὲ {mom 212⁸& ’1111111111 ⁸⁶23& 1 1111211111
1 11111111 juvenci 1. 1. 11 11· 100 110 0. 1 111 100 010 111. 1 118
11111. 1. 171 1. m 1. 1181. 131 7111111111
111 ehu, dvm ”mm ’,1111111111ὀῖοὧ 111111 2111 111
11 1111111111 11111111. 0. 1111- 111 10. 887 11. 11 ·
817 rupe-e 100 8111110. 1. 10
11111111111111111 11111111.111 8111111 Α. 8. 1110
111111 1111111 1. m numine 8111111111 G. 1111
. 1178 nee 11111111 0. m 8111111111 Β. 10. 81
11Ιιὶθίι nm, Μ’ ⁶ W 1Ῐ1Μ1ξι 1 111116111611151 111
· 111 .. . , , .
1111111111111 1. 070 1111111 1,1. 111. 1. 101 181 1111111111
10011111 10. 899 walum 18. 081 11. 2. 007 mi 1. 077 0. 8 7.
0811 11118818. 078101 11. 111
111ιί1111111 11. 1, 11 810 11. 188
1· 1. 1111. 118 sylvestrem 1111111 E. 1. 1111111111 1111·
8. 107 rint, 111 1111111111. G. 8. 11
12071 111111111111111111 8. 000 Uri 2. 071
men 11. 111 sylvestrium 11. 0. 70
11111111 11. 870 11111111111113111110. Η
111111111111111111111110.118 111111111111 baccis 2. 180 1111111111 0.
⁰1¹⁸· 10. 1091111111 11. 111 dumis 11. 8. 018
1 111111111181111111. 7 1111111111. 170
din 111111 10. 001 31111 7. 187 100
111111,11111111,1. 0. 017 sylvicolae 81111 10. 111

 

