7011110100011 101

Ι. 11 111 1. 1787313. 137 0000017011. 1. 18110. 1. 138 0101.
111 011 0. 708 1311 7. 071 373 0. 033 11 007

Ι 10. 111 nutant sublimi vertice quercus 10. 0. 181
at amores G. 1, 317 nutantem mundum pondere convexo Ε.
1 pecus E. 3. 31 1. 110 .

tur nvi avorum G. 1. 100 0010100000οω verlice ornus 10. 1. 110
01111000. 1. 281 septem Ac. nutribant quem , eemm, 7. 181

1 0001111101010110 11. 171 “
11. 8. 71 G. 1. 101 1101171 nutrioem 801010 1. 131
Ι1.113011107117.1088. 0000010010 1. 170

0. 310 11.10810011.110 130 nutrierat quos 11. 311 ·

memini ni verbo 1000001110. nutrimenta arida 1. 180

110 et 0001001000. 1. 117 nutritor olivam pro 00οἰ, 00001007 000·-
,sit mni· 1. 113 intenderener· 01 011011σο0000 G. 1. 111

ε. 0. 771 nutrix Ae. 1. 031 0. 010

ι Ε. 1. 81 7.11 (1.1. 13010. 0010 7. 101 0. 101 10. 111

V 1. 707 0. 010 0817. 111 11. nux plurimu G· 1. 187

1001000008. 1. 17 G. 1. 171 Nympht 1. 113 10. 1. 1087. 17 711 .

e. 3. 110 8. 103 10. 111 11. 088 11. 111
G. 1. 101 1170100008. 1. 1130 1101. 117. ·
100100030010. 7. 110 [00110 11 G. 1. 311 301 13110. 1. 71 1.
taen 7. 111 7101001 litus 7. 707 1087. 770 8. 71 311 330 330 10.
1. 11 110111 11. 781

G. 1. 10 301. 7101 Δε- 1. Nympharum 1171333 ,
701113 111 133113 3101 Nympha! 10. 0. 10 G· 1. 1011. 381
13 031007 1. 101 301 0110 Ao 3. 317. 137 10. 83 111 ’
7107 310 8.11117110.171 071001ιί01). 1. 117110. 11
Ε. 1. 17 10. 1. 11 137 111 ’0
. 183 331 301 703 777 3. 001
. 100 0. 00 0. 00101 318 7. 010110 G. 1. 18. 10. 1. 078 8. 78
111810117 1113111. 180 1 audite 3. 103 0. 131

odie pon'tm, 011011 111

(3. 1. 103 10. 8. 181 181 10. 18 11. 731 sie Oniepoeitum
1. 718 10. 811. affati 10001110 corpu· 111-1111
1 E. 1. 17 3. 10 1. 10 0. 30. mihi 0010 moi nuper Astynnnclh im·
1 111 1. 308 3101 111810. go 3180 bellum 110770 (101ρί10 por·
070 3. 100 700 1. 008 8. 170 101 0. 030 quod 01 0 00110710τωί11·
1 11. 108 731 11. 01 107011 (01001010 10. 1317011 potius ni·
000, sed 00110 0119010000υο mezcita venti 10. 171
10 G. 111131138010. 1. 0 cim 0. 781 11.11311311.171
11 1. 71180 3701110. 110 0, eun 0000000, G· 1. 303 AE. 1· 100
17 081 701 0. 310 8. 101. 1. 31 0. 8701. 83 108 000 8. 100
. 311 318 180 11. 110. 0. 117 11. 111 311 11. 01 1 digno
»m 100171 7011118700· conjuncta vito Ε. 8. 11

,110 1 Dea 1. 331371
uera πωροι 11. 710 010110 3. 311 180
verb. ‚ classem rehum 1. 301 0 101-10000 E 1. 11
1. 117 1. 1370. 1011. 100 0 juvene! 1. 031 3· 173

117 8. 181 0. 001 11. 117 001110ῐὶ 1. 110. 030 7. 000
1. 71 0, 1 regim 1, 80118
1.113.1001.110.110.00οω70,010010011.100100000
1. 330 0. 101 0111011110 rur· , 010. Β. 1. 18 nune
1001000 7. 711 1 nune licent crudelem tbrunpm vi·
igida 7. 711 (ιω AE. 8. 1701000110, et mno-
1. 181 · 011 Galatea locut· 001 E. 3. 7 oniti
ntum 1. 101 dim Veneris 1. tam longua manea! 0001011000 vila!
um 11. 111 1. 13 nis 10001 0 10110000 tuin. 11

 

