mtilmwuuu 077

111011 0011101 1. 011 1011111111 11111111, pro, Teucrorum 1. 111 1.
1111100. 0010110111 11. 011 101 0. 01 1. 10 017 1. 0111170000
01011101 :bito 0. 111. 0111111110 0. 0017. 1110. 1111. 00 Μ 10·
. Aqua 11. 111 111111 11. 110111 1111111
01110 iignum 7. 017 'renem 1011111101 01111 1. 100

.. 101 Ι Ι “ ’11011110μί01 10. 101

111 Ι ἐ Teutonicum 7. 711

1011100111. 1110115111οω 11111101 01101 robor· 11. 110

1111 1. 011 100001 1. 111 11- 10111111 111101 virgi 0. 1. 100

01117 010. 11.111.011111.101 11100110 nepa 1.171

10111 Deos 1111111117111 1111, texeat 11011101 horre· 1. 110

ederis 11. 110 101111 caput Β. 11. 111000 011 (inpu-
10101011 101μο 1. 107 1010, proiecerunt ‚ 11. 111

0110Ιὶ 11.· 1. 11 1111 101 111101111110
101110101101οΛ. 11 usit 1111111111 sibim E. 10. 71 caput
1 11. 1. 7110111 1111111 1. 100 turingiae, 111, G. 1. 118 1110 11111
0 Sol 11. ,170 piem 1. 110 00011101 11101001 agn
1111. 111 por 111111 1. 111 1. 1110101101110011111101111
11 011110 1071111100,010. 0110101 10. 111

coelun 1100 miden 1. 110 10111110110111011110.1. 11

11 101 1110110110111111. 1. 101

motata, 1. 11111. 011 11111111100111. 100

lio. 1. 1011. 10110. 1. 001 101100101111101101 1. 011 cinni 0.
»0101111111 01101001 1. 111 01011001110011111010. 1. 11 iuga
0. 1111 10111110 11111100 10. 011 AE. 1. 101 0111111001 virgin 11. 01
1. 001 thalmi 0 1. 171 ,0. 1. 001 1. 10000
1 70. 717 0. 01 100 10. 100

mum 01111110. 1. 101 tm 1111110110. 1111011117

11001 00. 1. 100 10111100 0. 1. 111 R.. 1. 101101 110
10111110 1311111ιί 7. 200 0. 007 0107. 101 0. m 0. 011
01110111111111. 010 1111110101 10. 181011

0110111110 11011 1. 111 nunus 1011101010 0. 0117. 100

10.-131Ιί1 plantis 1. 101 1111111001 0. 011.

11111117. 711 Thalia E. 0. 1. 0. 1. 111

»rem 1. 111 Thamyrimque AE. 11. 111

101111.. ininguine 1. 1101. 100 Thasiae 111110. 1. 11

010, plur. m. , 1. 1111111 mummia, 1111, 00. 1. 1

10110. 1. W! 0. 101 100 Theano 10. 700

0 1. 1110.1111011011010 1001111 0. 100 001

1 10. 00 11. 11111111 11. 1110111110. 1. 101

1 001710 711 770 010 010.. ’0000101 de 011110 Ao· 1. 007

1. 10 0. 1711. 111 10. 110 Theba 1. 170

i ’1710011110 0170

2. 111 τ111011101111οιωο1 11. 011

1101.. 1. 001 1. 117 0. 010. Therone 01011010. 011

7. 100 171 1011100170 0. 001 70111111111011. 111

m 11. 111 11 1111111111 1110110111... 1. 111 11. 111

. 111010,111., 1. 117 11. maturis 0. 1. 111

, 10 1110110101 10. 1. 111

1 1.11111110110101.110 11111100. 111 101

1701. 001 11. 101 Theaua, Athenium , G. 1. 000

. 100011 1. 071 ‘m 0. 100 ‘rheam 00. 0. 010

1. 11 077. 111001 170017 7001111110. 1. 10. 11

10. 101 1011171. 00 111 Ι[11011110. 1. 100

. 1110 110 001010 00011. 1111111. 1. 11

8 1711111100 011 171 11. ’111111001111

011011 · 1101011110. 111

 

