1111 111

Pactolonque irriga 11111 111. 10 1181
,111111 hymenaeon 03 1111111011
3101111113 080

31110. 8. 133

3101111111131. 11. 137 -
3111111 11111111 0. 037 10. 738 ·
111111111111111.111
311111111111111111111113 101
pag-asum 11. 370

pagine 11111111 11111 vari 11111111ρὰ11
1111111110 388

monson Ε. 3. 30 33 Ae. 3 333

· [11111111115111110 3. 331

,111111111ρ11111111 3. 381

,11110116111111111110 018

ρ1111111117.13810113133

Palamedium

1111111111 Trou, vam& 303 ,1111111111
1113. 31 socioso. 780 video 10. 07
1,,111 111 punem 11. 111

,1111111101 13. 738

[1111111 1111111111 11 1. 1311

31111111011101101. 3. 3

11111110. 3. 388

,111111 1. 133 3. 131

1111111111. 308

[111111111111011111 11111110. 3, 13

Pales. Deo Pastum, E. 8. 33 (1.3

311111 111 Ae. 0. 383

3111111110 3. 810 813 871 0 301 373

Palinuri 8 381

3111111113. 301 313 303 11. 18 833

S

. 8170. 337

,1111111111 3 3. 33

lsszlla’ffl' 13103338.οΗ
111,1111.οΡ11111,10.11111.37

133 103

31111011 11111 ‚G- 3. 181

31111111 111111 AE. 3. 131

3111111111 3. 180

1111111111 1. 083 3. 13 1013. 3117.
1318. 133

3101111113100 ,

11111111. 370

Bellum 1. 033 713

11111118. 313173 10. 371 113180
133 301 11. 111 113 103

3111111111 0. 31 1033311. 177

311111111111111113. 100 311

3131111111, mm· 111111. urbis, 7. 31

3111111118. 31 11. 1103313313

, 11111111111111111.

013 3. 701 .
“ 111111,1111.,1.111 110131108

 

