1031111111011311 1133

31 31.17111.1.111. 37.01 1111, 10. 1138111111113. 1. 13711111·
317. 173371 7173131111οΞ 11111113.3131111111111111,1111·
11131 ra³o,.³ 3771111113333. 13113
1 3. 3711. 33 3. 303 3. 11307. 1711111 1113311111. 337
30 0. 313 10. 333 11. 173 penei 1. 3113. 110 711
11113131111313111111 pmc'u 1111111131οθ commta 111. 133
. 3131. 317 333 3. (133 7. 133 300 adverte, docebo ³. 110 3, 30 1131111111
.33310. 73 331 11. 707 11, 11 responsum 3. 371 111111 1111111113. 13
13 vi 3101 ex 1111111 3. 313 11111 unimus adhibere. docebo 1111. 11. 313
,3331111117 101 1111111371 1111111111111111. 71
1113113113 11331, 3 130 pmcoswquturAe. 13. 313
013733. 103 3313, 013 3333. 11111111 rogem eoeliG ³. 133
111.11311.19333 11. 330 3031111311 nstro· 111. 1. 103 7333. 301
03 ndi-2. 331 1111111113. 331111111- 1111131111 11111111. 173
Ι 0, 301 10. 311 11111111041111111311111. 333,11111,7.73011181-
1111111, 313 11πί 11717
1111111,11(1,13333.3113111111111111111110,3.37111.3,373
31111. 133 300 ,11.1, 33 3311. 1811111113. 310
³7 3733311 300113,7.13110.113111111111 11 fingit 11. 100
3311.1171111111111111.711 pavitomss ¹0 1⁸
11118111111111. 1. 133377μ1ω- pavitans 11. 1. 137
111313111111133311111111171111111111113.10311.313
iopam. 371 mes ¹1. m 3131111111Ε.1,133.33(1.1.1313.
111110.110011.3.7310.117 113111. 1. 7111.3333.3337.310
1111111371 3. 3130. 730 11 330
’1111131131131 17 3113113110 paulisper Ae. 1. 313
30111111133131133 303 tini· paulu majora ammaus ³ 1
¹ 133131313130101117. 110 paulum 111 3. 3073. 313
,31113731111117111111111111 pum-G. 1. 3313133 ,11.1. 313330
8711111110. 7333111 13. 10311. 3. 373. 133
Ι 131 moenibus 11. 331 [1111111111111.871111111113,1331111111
1111111111, 313111 1. 3311118111 11 310
b2³³ 11111111 3.·107111111 7. 330 pnupem 8111111113. 313 tvm 311
’3. 303 sepulchro 10, 333 pnuperim 3137
U 311113. 1. 33 13111110. 1. 33 ponpam 1118111113 1. 30 113111 7³³³:-
goe Αο 3, 03 1111111111.17οι111- 1111311111. 3 330

2. 3100111161. 717 111111311111111131303. 33
311111111111111 11111111111111
3 131 117 ³ 311178133113 11111111111111 31

1118 131 ιο. 111 1111 1111 11 peoora 1. 1111 77³⁰

13, 31 pecori 11. 3. 3 33 131 3. 33 7. 17 3.
ιιι nemu· G. 1. 13 1111111111. 13 G. 1. ³ 133 113 1. 133 133 3.
Ι301 11131 3. 331 munem 13. 731131331303131101110133

Ae· 13. 710

n 1111111 1. 317 1111111131. 31 1. 10 3. 101 311
11.· 303 10, 17 G. ³. 330 3. 73 Ao. ⁸. 301
ἰ 3. 103 pecorum G. 1. 317 3. 331 1. 330
ιιι G. 3, 300 3, 113133177 Ae. pech-bnt sorum. cervum, Αο. 7. 130
0331317133. 3113301113. 1111111113. 1. 313 111. 3. 317 7. 11 .
ἢ 11, 133 333 poclm G. 1. 11031, 1. 137 110 130
u 111111 donus 3. 31 werna 3. 133 371 3. 333 133 310 3. 33 1.
2 1113733. 73137. 3133133.10
1113111111ρί 13. 710 131 3370. 330 ³³² 313 10. 131371
· 111111111111111 130 11. 33113 337 131313 37313. 30
ungiumucmm 1173111111
11 1111111111.3731111111113.131 1113111113. 3111. 3. 37 3 1331. 3331.
13111 Ae. 7. 113 1.13131313731113313 331711
11113811 31111113 ³. ³¹, carmi¹ 1. 107 1331713.1131131,1 11,

 

