1001001011υο ’ 011

1171111. 111 101 1. 117 1100001 1030001111 1. 117 1111011011 010-
171 Μ 11. 171
nom. sem.,juvontus 1.171 10, putiau.
111.1011.1101111..10... 010111. 1. 11101. 11 1101. 11
01111 11. 1100011107,11111·. 11. 111
agmina 7. 111 0101 0. 110 101,1011,1010,1011010,1101,1011,
. 111 100, 100000.1001,101101,1011,μο1101.
91.11”1.,11111111.1.111μο· 10111.1111100.101 ·
’17,ρΙν., 10101 10. 110 101101. 111
0111011. 111 1. 11 3001101 1011100111. 11111. 111

10111000 G. 1. 71 Ε. 1. 111 7. 111
10111. 1 10. 10011017111 11. 101
’. 110 11. 1111101010 1. 111 10111101· 0111001 11100101 1. 111
101 11. 111 tuemur 01111011 11. 11
0101011 7. m 101010 11100 000 cm 1011001 G. 1. 101
11. 111 0101111100 1. 701 1000110101110111 7. 717 0001111. 111
10301011111111101 7. 1010100101111010010. 1711
10111. 111 rege 11. 110 1010110111110.7013101101110. 11. 11
1. 1110. 111 10. 77 11111 10001110 001011. 117 pugna 11. 701
1011011101. 110 1010111 5101001, 011. 1. 171 ,01101101
agnen 1. 101 1101110. 107
1111011101· ²⁹⁰ ‘⁰¹ ⁴· 2:21¹..tit⁵.3;.2⁰t.::::.2·.⁶⁸. .
171 1011111101- 1. 11 100 0011011 Δ- 1.
1 101110101 nima 1. 110 1111 populum 101101100110111011011
111. 117 1110011100011111. 111 m 1. 111
117 Eum 1. 1001. 1017. 1100117. 111
’011 11010 11111111.101 100101110001010,110. 1. 111
11. 111 tugurii 1. 1. 10
. 1. 1111. 11. 171 101,μιε“1.1,107.1011 7, 110 1.
11. 111111 1111. 101 11. 10. 1111111 lam 1.
10. 111771 11. 7 700 1101
110011. 1 11 101001171011110001111.7. 101 .
1. 171 1. 11 111 10. 101110 101111100111001011.1.101.001110001
Ι 1. 111 10101. 11111000000010011·
111 11. 11111. 117 000111011011.11110010111111010010
10111 01111101 μὴ»... 0 101011

10110101 11101011 1. 100

1010111 colom (1. 1· 171

10100001 tuidi· 110111 dmm nup 11.
10111. 111 1111111111. 11 10101, 01101.
ndis 01101100 1 {ign 11000 G. 1. 113 1130111 flabeio 1. 111 qm

10 10000 . 1.

laci·- 1101010111.1.11011111 10111001Ι 110101 1111011 unium 1. 117·
guum 1. 71 110111011 110010- 10110100 11011 10 utu 1. 101
1. 101 10111011 0011 Argu 1111000111 1. 01
η.]11,010011.111,01110. 0010111000011- 71111010 01110111·
11100,110011·1,1.1. 110 0010101117001101101001101111·
,11. 0 011. 111000111100110011011011101
1111100 1101011107 117010100001101001 0. 11110111
111111. 1. 71 01000 11. 111
.1. 111 10111, 000101111011000111011011 Ε. 1.
10110. 1. 111 11. 11. 011 10 tridua· 1001 01110111 10110011 G.
1 0110110 mus nom 101101
,1101110111171101 111001 1111111111 00101· Β. 1· 111
anguino singultu-ton 1111001111 01100. m, 10 1111, 111. 1. 110100
1111011101 10. 111 1111100011 1011111001110011101 1110000111111
1. 111 Trois 10111000 1. 11 1011011οι 1. 01

 

